3.034329 2.957523 3.006513 2.858235 2.733536 3.223001 3.094015 3.077078 2.970733 2.736917 3.004708 2.940177 2.928450 2.985425 2.883886 3.122032 3.104050 2.906219 2.887442 2.759494 2.964183 3.145619 2.832137 2.773029 2.753615 
3.034329 3.006513 2.957523 2.921007 2.858235 3.223001 3.094015 3.077078 3.021137 2.970733 3.004708 2.985425 2.951594 2.940177 2.928450 3.122032 3.104050 2.959452 2.906219 2.887442 3.145619 2.964183 2.896362 2.897533 2.773029 
3.034329 3.006513 2.958134 2.957523 2.921007 3.223001 3.094015 3.077949 3.077078 3.021137 3.004708 2.985425 2.964626 2.960453 2.940177 3.169022 3.104050 2.997068 2.959452 2.906219 3.145619 2.964183 2.935552 2.897533 2.896362 
3.034329 3.006513 3.050800 2.958134 3.039227 3.223001 3.099402 3.094015 3.077949 3.081697 3.004708 2.985425 2.972653 2.967124 2.960453 3.169022 3.104050 3.028317 2.997068 3.035710 3.145619 2.967625 2.964183 2.987851 2.897533 
3.180677 3.039227 3.034329 3.020366 3.006513 3.223001 3.115846 3.129507 3.094015 3.081697 3.004708 2.985425 2.979055 2.972653 2.967124 3.169022 3.104050 3.067891 3.035710 3.028317 3.145619 2.992591 2.987851 2.967625 2.964183 
3.180677 3.059139 3.092237 3.034329 3.020366 3.223001 3.129507 3.129449 3.115846 3.094015 3.048192 2.985425 2.982663 2.979055 2.972653 3.169022 3.104050 3.081975 3.067891 3.074786 3.145619 3.011725 2.992591 2.987851 2.967625 
3.180677 3.092237 3.079555 3.059139 3.034329 3.223001 3.138408 3.129507 3.129449 3.115846 3.048192 2.995232 2.985425 2.982663 2.979055 3.169022 3.104050 3.100229 3.081975 3.074786 3.145619 3.021051 3.011725 2.992591 2.987851 
3.180677 3.092237 3.091375 3.079555 3.059139 3.223001 3.147266 3.138408 3.129507 3.153043 3.048192 3.037771 2.995232 2.989755 2.982663 3.169022 3.107189 3.104050 3.106411 3.081975 3.145619 3.031737 3.021051 3.011725 2.992591 
3.180677 3.100779 3.092237 3.091375 3.079555 3.224296 3.158268 3.153043 3.147266 3.138408 3.048192 3.037771 3.011570 2.995232 2.989755 3.169022 3.125870 3.107189 3.106411 3.104050 3.146199 3.040528 3.031737 3.021051 3.056965 
3.180677 3.109805 3.100779 3.092237 3.115322 3.224296 3.164269 3.158268 3.153043 3.147266 3.048192 3.037771 3.016869 3.011570 2.995232 3.169022 3.125870 3.122983 3.107189 3.106411 3.146199 3.059320 3.056965 3.077655 3.031737 
3.180677 3.119959 3.115322 3.109805 3.129541 3.224296 3.186900 3.164269 3.158268 3.153043 3.048192 3.037771 3.022046 3.016869 3.011570 3.169022 3.126150 3.125870 3.122983 3.107189 3.146199 3.077655 3.074366 3.059320 3.056965 
3.180677 3.153394 3.129541 3.119959 3.115322 3.224296 3.186900 3.188100 3.164269 3.158268 3.048192 3.037771 3.027649 3.022046 3.021700 3.169022 3.130557 3.126150 3.125870 3.122983 3.146199 3.088017 3.077655 3.074366 3.059320 
3.180677 3.161993 3.139997 3.129541 3.119959 3.224296 3.188100 3.186900 3.184401 3.164269 3.048192 3.037771 3.033930 3.027649 3.022046 3.169022 3.134822 3.130557 3.126150 3.125870 3.146199 3.089093 3.088017 3.077655 3.086438 
3.180677 3.161993 3.146387 3.139997 3.129541 3.224296 3.189595 3.188100 3.186900 3.184401 3.048192 3.037771 3.033930 3.033706 3.027649 3.169022 3.138993 3.134822 3.130557 3.126150 3.150363 3.097448 3.089093 3.088017 3.086438 
3.180677 3.161993 3.151673 3.146387 3.139997 3.224296 3.194658 3.189595 3.188100 3.186900 3.048192 3.037771 3.036056 3.034029 3.033706 3.169022 3.139810 3.138993 3.134822 3.130557 3.150363 3.100424 3.097448 3.089093 3.088017 
3.180677 3.161993 3.156099 3.151673 3.146387 3.224296 3.196730 3.194658 3.189595 3.188100 3.048192 3.056111 3.037771 3.036056 3.034029 3.169022 3.142548 3.139810 3.138993 3.134822 3.150363 3.106833 3.100424 3.097448 3.089093 
3.180677 3.161993 3.159365 3.160034 3.151673 3.224296 3.198681 3.196730 3.194658 3.189595 3.056111 3.048192 3.042715 3.037771 3.036056 3.169022 3.145421 3.142548 3.139810 3.138993 3.150363 3.107044 3.106833 3.100424 3.097448 
3.180677 3.162747 3.161993 3.160034 3.159365 3.224296 3.200816 3.198681 3.196730 3.194658 3.056111 3.048192 3.044307 3.042715 3.037771 3.169022 3.147135 3.145421 3.142548 3.139810 3.150363 3.110601 3.109017 3.106833 3.100424 
3.180677 3.165599 3.162747 3.161993 3.160034 3.224296 3.203032 3.200816 3.198681 3.197052 3.056111 3.048192 3.047384 3.044307 3.042715 3.169022 3.149189 3.147135 3.145421 3.142548 3.150363 3.113649 3.114408 3.109017 3.106833 
3.180677 3.166233 3.165599 3.166775 3.161993 3.224296 3.204804 3.203032 3.200816 3.198681 3.056111 3.048480 3.047724 3.047384 3.044307 3.169022 3.150475 3.149189 3.147135 3.145421 3.150363 3.127990 3.114408 3.113649 3.109726 
3.180677 3.168261 3.166775 3.178956 3.165599 3.224296 3.206330 3.205234 3.203032 3.200816 3.056111 3.048581 3.048480 3.047724 3.047384 3.169022 3.152060 3.150475 3.151764 3.147135 3.150363 3.132288 3.121388 3.114408 3.113649 
3.180677 3.178956 3.172099 3.168261 3.166775 3.224296 3.207965 3.206330 3.205234 3.203032 3.056111 3.058645 3.048581 3.048480 3.047724 3.171043 3.154101 3.152060 3.151764 3.150475 3.150363 3.132288 3.124566 3.121388 3.114408 
3.180677 3.178956 3.180458 3.172099 3.168261 3.224296 3.209367 3.207965 3.206330 3.205234 3.071344 3.057020 3.059930 3.048581 3.048480 3.171775 3.156738 3.154101 3.152060 3.151764 3.150363 3.132288 3.126756 3.124566 3.125047 
3.181719 3.180458 3.178956 3.176121 3.172099 3.226718 3.210634 3.209367 3.214310 3.206330 3.071344 3.064859 3.059930 3.057020 3.059914 3.176525 3.157666 3.156738 3.154101 3.152060 3.150363 3.132288 3.129984 3.126756 3.126188 
3.181719 3.180458 3.178956 3.177852 3.176121 3.226718 3.214310 3.213506 3.211188 3.209367 3.071344 3.064859 3.061024 3.059930 3.059914 3.176525 3.159334 3.157666 3.156738 3.154101 3.150363 3.132288 3.131519 3.129984 3.132242 
3.181719 3.180458 3.179012 3.178956 3.177852 3.226718 3.215005 3.214310 3.213506 3.211188 3.071344 3.064859 3.062010 3.061024 3.059930 3.176525 3.160538 3.159334 3.159622 3.156738 3.150363 3.133407 3.132288 3.132242 3.131519 
3.181719 3.180458 3.179601 3.179012 3.178956 3.226718 3.216149 3.215005 3.214310 3.213506 3.071344 3.064859 3.062195 3.062010 3.061024 3.178077 3.162401 3.160538 3.159622 3.159334 3.150363 3.134811 3.133407 3.132288 3.132242 
3.181719 3.180458 3.179948 3.179601 3.179012 3.226718 3.217151 3.216149 3.215005 3.214310 3.071344 3.064859 3.062651 3.062195 3.062010 3.178077 3.163891 3.162401 3.160538 3.159622 3.150363 3.134874 3.136342 3.133407 3.132288 
3.181719 3.180458 3.180201 3.179948 3.179601 3.226718 3.217870 3.217151 3.216149 3.215005 3.071344 3.064859 3.062931 3.062651 3.062195 3.178077 3.164844 3.163891 3.162401 3.160538 3.150363 3.136342 3.135635 3.134874 3.133407 
3.181719 3.180458 3.180374 3.180201 3.179948 3.226718 3.218563 3.217870 3.217151 3.216149 3.071344 3.070781 3.064859 3.062931 3.062651 3.178077 3.165930 3.164844 3.163891 3.162401 3.150363 3.136342 3.136300 3.135635 3.134874 
3.181719 3.180635 3.180458 3.180374 3.180201 3.226718 3.219274 3.218563 3.217870 3.217151 3.071344 3.070781 3.064859 3.063358 3.063369 3.181416 3.173483 3.165930 3.164844 3.163891 3.150363 3.136894 3.136342 3.136300 3.135635 
3.181719 3.180847 3.180635 3.180458 3.180374 3.226718 3.219919 3.219274 3.218563 3.217870 3.071344 3.070781 3.064859 3.063587 3.063392 3.181416 3.173483 3.169826 3.165930 3.164844 3.150363 3.137312 3.139384 3.136342 3.136300 
3.181719 3.180847 3.180758 3.180635 3.180458 3.226718 3.220476 3.219919 3.219274 3.218563 3.071344 3.070781 3.064859 3.064033 3.063587 3.181416 3.173483 3.171047 3.169826 3.165930 3.150363 3.139655 3.138229 3.138139 3.136342 
3.181719 3.180847 3.180819 3.180758 3.180635 3.226718 3.221398 3.220476 3.219919 3.219274 3.071344 3.070781 3.064859 3.064033 3.063854 3.181416 3.173483 3.172247 3.171047 3.169826 3.150363 3.139655 3.138771 3.138229 3.138139 
3.181719 3.180932 3.180847 3.183922 3.180758 3.228453 3.221547 3.221398 3.220476 3.219919 3.071344 3.070781 3.064859 3.064177 3.064033 3.181416 3.173511 3.174297 3.172247 3.171047 3.150363 3.141405 3.139156 3.138771 3.138229 
3.183922 3.183452 3.181719 3.180932 3.180847 3.228453 3.222345 3.223263 3.221398 3.220476 3.073959 3.070781 3.064859 3.064177 3.063721 3.181416 3.174534 3.174297 3.173511 3.172247 3.150363 3.141405 3.139757 3.139156 3.139861 
3.183922 3.183452 3.182323 3.181719 3.180932 3.228453 3.223263 3.223200 3.222757 3.221398 3.073959 3.070781 3.065120 3.064859 3.064177 3.181416 3.175203 3.174534 3.174297 3.173511 3.150363 3.141405 3.140286 3.139861 3.139757 
3.183922 3.183452 3.182467 3.182323 3.181719 3.228453 3.223843 3.223263 3.223200 3.222757 3.073959 3.070781 3.065120 3.064859 3.071712 3.181416 3.175879 3.175203 3.174534 3.174297 3.150363 3.141405 3.140516 3.140831 3.139861 
3.183922 3.183452 3.182731 3.182467 3.183047 3.228453 3.224367 3.224891 3.225425 3.223200 3.073959 3.071712 3.070781 3.065992 3.065120 3.182552 3.176294 3.175879 3.175203 3.174534 3.150363 3.141405 3.140831 3.140760 3.140516 
3.183922 3.183452 3.183101 3.183818 3.182731 3.228453 3.225581 3.225247 3.224891 3.224508 3.073959 3.071712 3.070781 3.069116 3.065992 3.182552 3.176707 3.178222 3.176384 3.175203 3.150363 3.141405 3.140956 3.140831 3.140760 
3.183922 3.183818 3.183452 3.183639 3.184200 3.228453 3.225729 3.225581 3.225247 3.224891 3.076432 3.071712 3.070781 3.069116 3.068888 3.182552 3.178222 3.177552 3.176707 3.176384 3.150363 3.141405 3.141041 3.140956 3.140831 
3.184200 3.183922 3.183818 3.184337 3.183639 3.228453 3.225997 3.225729 3.225581 3.225247 3.080413 3.071712 3.070781 3.069754 3.069116 3.182552 3.178222 3.178163 3.177552 3.176707 3.150363 3.141405 3.141765 3.141041 3.140956 
3.184337 3.184200 3.183961 3.183922 3.183818 3.228453 3.226240 3.225997 3.225729 3.225581 3.080413 3.071712 3.073527 3.070781 3.069754 3.182552 3.178447 3.178222 3.178163 3.178086 3.150363 3.141765 3.141405 3.141182 3.141041 
3.184337 3.184501 3.184026 3.183961 3.184217 3.228453 3.226378 3.226240 3.225997 3.225729 3.080413 3.073527 3.071904 3.073271 3.070781 3.182552 3.179251 3.178447 3.178222 3.178163 3.150363 3.141765 3.141405 3.141246 3.141182 
3.184501 3.184337 3.184217 3.184166 3.184026 3.228453 3.226538 3.226378 3.226240 3.225997 3.080413 3.073527 3.073271 3.072109 3.071904 3.182552 3.179251 3.179185 3.178447 3.178222 3.150363 3.141765 3.141405 3.141303 3.141246 
3.184501 3.184337 3.184296 3.184207 3.184166 3.228453 3.226699 3.226538 3.226378 3.226240 3.088400 3.074261 3.073527 3.073271 3.072109 3.182552 3.179748 3.179251 3.179185 3.178447 3.150363 3.141765 3.141405 3.141321 3.141303 
3.184501 3.184337 3.184296 3.184265 3.184207 3.228453 3.226907 3.226699 3.226538 3.226378 3.088400 3.075935 3.074261 3.073527 3.073271 3.182552 3.179748 3.179491 3.179251 3.179185 3.150363 3.141765 3.141405 3.141614 3.141301 
3.184920 3.184369 3.184337 3.184296 3.184265 3.228453 3.226988 3.226907 3.226699 3.226538 3.088400 3.077080 3.075935 3.074261 3.074612 3.182552 3.180713 3.179748 3.179491 3.179251 3.150363 3.141765 3.141614 3.141405 3.142210 
3.184920 3.184418 3.184369 3.184337 3.184296 3.228453 3.227167 3.226988 3.226907 3.227276 3.088400 3.079254 3.077080 3.075935 3.074612 3.182552 3.180713 3.179820 3.179748 3.179491 3.150363 3.142210 3.141765 3.141706 3.141614 
3.184920 3.184450 3.184418 3.184369 3.184337 3.228838 3.227311 3.227276 3.227167 3.226988 3.088400 3.079254 3.079235 3.077080 3.075935 3.182552 3.180713 3.180030 3.180667 3.179748 3.150363 3.142210 3.141765 3.141706 3.141546 
3.184920 3.184545 3.184450 3.184418 3.184369 3.228838 3.227529 3.227311 3.227276 3.227167 3.091668 3.080490 3.079254 3.079235 3.077330 3.182552 3.180713 3.180667 3.180546 3.180030 3.150363 3.142210 3.141765 3.141706 3.141570 
3.184920 3.184545 3.184526 3.184450 3.184418 3.228838 3.227597 3.227529 3.227311 3.227276 3.091901 3.091509 3.080438 3.079254 3.079235 3.182552 3.180713 3.180667 3.180934 3.180404 3.150363 3.142377 3.141765 3.141892 3.141559 
3.184920 3.184571 3.184545 3.184526 3.184450 3.228838 3.227828 3.227597 3.227529 3.227311 3.091901 3.091509 3.083972 3.083243 3.079254 3.182552 3.180934 3.180713 3.180667 3.180634 3.150363 3.142377 3.141892 3.141765 3.141654 
3.184920 3.184757 3.184571 3.184545 3.184526 3.228838 3.227828 3.227787 3.227597 3.227529 3.091901 3.091509 3.085577 3.083972 3.083243 3.182552 3.181641 3.180713 3.180687 3.180667 3.150363 3.142377 3.141892 3.141765 3.141688 
3.184920 3.184757 3.184632 3.184571 3.184707 3.228838 3.227883 3.227828 3.227787 3.227597 3.091901 3.091509 3.087302 3.085577 3.083972 3.182559 3.181641 3.180772 3.180713 3.180687 3.150363 3.142377 3.141892 3.141765 3.141692 
3.184920 3.184757 3.184819 3.184686 3.184632 3.228838 3.228245 3.227883 3.227828 3.227787 3.091901 3.091509 3.087964 3.087302 3.085577 3.182559 3.181641 3.181179 3.180772 3.180713 3.150363 3.142377 3.141892 3.141765 3.141708 
3.184920 3.184819 3.184757 3.184701 3.184686 3.228838 3.228245 3.228033 3.227883 3.227828 3.092907 3.091509 3.089124 3.087964 3.087302 3.182559 3.181641 3.181179 3.181002 3.180772 3.150363 3.142649 3.141892 3.141765 3.141677 
3.184920 3.184819 3.184757 3.184715 3.184701 3.228838 3.228245 3.228083 3.228033 3.227997 3.092907 3.091509 3.090833 3.089124 3.088372 3.182559 3.181641 3.181271 3.181179 3.181835 3.150363 3.142649 3.141892 3.141765 3.141748 
3.184938 3.184819 3.184809 3.184757 3.184715 3.228838 3.228245 3.228180 3.228083 3.228033 3.092907 3.091509 3.090833 3.090042 3.089124 3.182559 3.181835 3.181641 3.181511 3.181271 3.150363 3.142649 3.141892 3.141765 3.141743 
3.184938 3.184819 3.184809 3.184810 3.184757 3.228838 3.228303 3.228245 3.228180 3.228083 3.098430 3.092907 3.091509 3.090833 3.090053 3.183194 3.182193 3.181835 3.181641 3.181511 3.150363 3.142649 3.141892 3.141774 3.141765 
3.184938 3.184819 3.184810 3.184809 3.184741 3.228838 3.228303 3.228273 3.228245 3.228180 3.098430 3.092907 3.091509 3.090991 3.090833 3.183194 3.182193 3.181835 3.181692 3.181641 3.150363 3.142649 3.141892 3.141774 3.141745 
3.184938 3.184819 3.184810 3.184809 3.184744 3.228838 3.228337 3.228303 3.228273 3.228245 3.098430 3.092907 3.091509 3.090991 3.090945 3.183194 3.182193 3.182106 3.181835 3.181704 3.150363 3.142649 3.141892 3.141844 3.141774 
3.185122 3.184819 3.184810 3.184809 3.184749 3.228838 3.228337 3.228317 3.228303 3.228273 3.098430 3.092907 3.091787 3.091509 3.090991 3.183194 3.182193 3.182106 3.181854 3.181835 3.150363 3.142649 3.141993 3.141892 3.141844 
3.185231 3.185108 3.184810 3.184809 3.184832 3.228838 3.228383 3.228337 3.228317 3.228303 3.098430 3.092907 3.091787 3.091509 3.091278 3.183194 3.182193 3.182106 3.181880 3.181854 3.150363 3.142649 3.141993 3.141892 3.141887 
3.185231 3.185108 3.184890 3.184832 3.184810 3.228838 3.228409 3.228383 3.228337 3.228317 3.098430 3.092907 3.091787 3.091509 3.091374 3.183194 3.182351 3.182106 3.181951 3.181880 3.150363 3.142649 3.142500 3.141896 3.141892 
3.185231 3.185108 3.184923 3.184890 3.184832 3.228838 3.228447 3.228409 3.228383 3.228337 3.098430 3.092907 3.092748 3.091509 3.091393 3.183194 3.182351 3.182106 3.181986 3.181951 3.150363 3.142649 3.142500 3.142041 3.141896 
3.185231 3.185172 3.185108 3.184923 3.184890 3.228838 3.228474 3.228447 3.228409 3.228383 3.100325 3.098430 3.092907 3.092748 3.091509 3.183194 3.182351 3.182106 3.182029 3.181986 3.150363 3.142649 3.142500 3.142071 3.142041 
3.185231 3.185172 3.185108 3.185019 3.184923 3.228838 3.228510 3.228474 3.228447 3.228409 3.100325 3.098430 3.092907 3.092748 3.093574 3.183194 3.182351 3.182220 3.182106 3.182029 3.150363 3.142649 3.142500 3.142132 3.142071 
3.185231 3.185172 3.185286 3.185069 3.185019 3.228838 3.228536 3.228510 3.228474 3.228447 3.100325 3.098430 3.093574 3.092907 3.092079 3.183194 3.182351 3.182220 3.182106 3.182022 3.150363 3.143140 3.142500 3.142148 3.142132 
3.185286 3.185231 3.185172 3.185069 3.185063 3.228838 3.228561 3.228536 3.228510 3.228474 3.100325 3.098430 3.093574 3.092907 3.092078 3.183194 3.182351 3.182220 3.182160 3.182106 3.150363 3.143140 3.142500 3.142217 3.142148