3.034329 2.962927 2.931493 2.973420 2.904888 3.094015 3.077078 3.223001 2.809876 2.867842 2.839455 3.023628 2.961258 2.940177 3.004708 3.104050 3.089069 3.147138 3.170901 2.822778 
3.034329 2.987981 2.951947 3.066773 3.099378 3.097332 3.077078 3.223001 2.959721 2.956760 3.115230 3.023628 2.961258 3.049485 3.017645 3.104050 3.089069 3.172170 3.170901 2.912717 
3.034329 3.136159 2.971970 3.066773 3.099378 3.097332 3.077078 3.223001 2.959721 3.015185 3.115230 3.023628 3.135516 3.049485 3.017645 3.104050 3.160363 3.172170 3.170901 2.912717 
3.034329 3.155536 3.180468 3.066773 3.099378 3.097332 3.133852 3.223001 3.177341 3.158910 3.115230 3.023628 3.135516 3.199080 3.026643 3.260230 3.160363 3.172170 3.170901 3.093051 
3.046190 3.169411 3.180468 3.066773 3.135813 3.097332 3.178759 3.223001 3.281523 3.301223 3.115230 3.064805 3.135516 3.199080 3.146171 3.260230 3.160363 3.172170 3.170901 3.261683 
3.251011 3.303675 3.180468 3.066773 3.135813 3.162483 3.291250 3.246251 3.281523 3.301223 3.167980 3.141591 3.135516 3.199080 3.311744 3.260230 3.166367 3.208877 3.207766 3.261683 
3.307347 3.303675 3.180468 3.097933 3.247979 3.251218 3.291250 3.246251 3.321255 3.301223 3.180468 3.283117 3.193757 3.199080 3.311744 3.260230 3.166367 3.208877 3.207766 3.261683 
3.307347 3.303675 3.180468 3.324451 3.253576 3.263690 3.319312 3.246251 3.321255 3.359474 3.183486 3.283117 3.193757 3.199080 3.311744 3.260230 3.166367 3.246005 3.207766 3.261683 
3.307347 3.303675 3.231085 3.324451 3.253576 3.263690 3.319312 3.246251 3.321255 3.359474 3.327245 3.283117 3.193757 3.199080 3.311744 3.265362 3.188840 3.246005 3.207766 3.320535 
3.331713 3.303675 3.231085 3.338221 3.253576 3.388852 3.319312 3.246251 3.321255 3.359474 3.327245 3.283117 3.315581 3.255816 3.311744 3.355692 3.188840 3.326531 3.219653 3.320535 
3.331713 3.429728 3.334798 3.370645 3.346964 3.388852 3.319312 3.246251 3.321255 3.359474 3.327245 3.283117 3.315581 3.255816 3.311744 3.355692 3.304023 3.326531 3.219653 3.320535 
3.331713 3.429728 3.388852 3.370645 3.346964 3.388852 3.319312 3.350783 3.321255 3.359474 3.327245 3.328387 3.315581 3.383798 3.417125 3.355692 3.304023 3.326531 3.347091 3.383521 
3.331713 3.429728 3.388852 3.430737 3.370645 3.388852 3.319312 3.350783 3.373500 3.359474 3.327245 3.417382 3.359474 3.383798 3.417125 3.355692 3.304023 3.326531 3.347091 3.383521 
3.395275 3.429728 3.388852 3.430737 3.370645 3.388852 3.319312 3.350783 3.373500 3.359474 3.418082 3.417382 3.359474 3.383798 3.417125 3.355692 3.304023 3.326531 3.385933 3.423113 
3.395275 3.429728 3.388852 3.430737 3.394685 3.431480 3.319312 3.350783 3.373500 3.412280 3.418082 3.417382 3.359474 3.383798 3.417125 3.386374 3.312853 3.401441 3.385933 3.423113 
3.395275 3.429728 3.413461 3.430737 3.394685 3.431480 3.319312 3.369025 3.373500 3.412280 3.418082 3.417382 3.359474 3.383798 3.417125 3.421530 3.312853 3.401441 3.406955 3.423113 
3.413575 3.429728 3.413461 3.430737 3.394685 3.431480 3.382419 3.369025 3.414553 3.419579 3.418082 3.417382 3.359474 3.383798 3.417125 3.421530 3.353706 3.401441 3.406955 3.424168 
3.423737 3.429728 3.413461 3.430737 3.394685 3.431480 3.397754 3.369025 3.414553 3.419579 3.418082 3.417382 3.391563 3.383798 3.417125 3.421530 3.431679 3.404954 3.406955 3.424168 
3.423737 3.429728 3.413461 3.430737 3.394685 3.431480 3.416612 3.369025 3.421445 3.419579 3.418082 3.417382 3.391563 3.383798 3.438049 3.421530 3.431679 3.416315 3.406955 3.424168 
3.423737 3.429728 3.413461 3.430737 3.408531 3.431480 3.416612 3.369025 3.421445 3.419579 3.418082 3.417382 3.432434 3.412706 3.438049 3.427007 3.431679 3.416315 3.417526 3.424168 
3.423737 3.429728 3.413461 3.430737 3.414166 3.431480 3.419892 3.416879 3.431638 3.421199 3.418082 3.421201 3.432434 3.412706 3.438049 3.427007 3.431679 3.430995 3.417526 3.424168 
3.423737 3.429728 3.413461 3.430737 3.414166 3.431480 3.419892 3.420288 3.431638 3.429855 3.418082 3.421201 3.432434 3.412706 3.438049 3.431638 3.431679 3.430995 3.417526 3.424851 
3.446904 3.429728 3.416153 3.437066 3.425258 3.433779 3.424375 3.420288 3.431638 3.429855 3.419963 3.433387 3.432434 3.412929 3.438049 3.431638 3.431679 3.430995 3.417526 3.424851 
3.446904 3.429728 3.416153 3.447918 3.425258 3.433779 3.428914 3.420288 3.431638 3.429855 3.419963 3.433387 3.436941 3.412929 3.438049 3.431638 3.431679 3.431461 3.428496 3.424851 
3.446904 3.436877 3.416837 3.447918 3.425258 3.447854 3.428914 3.422128 3.431638 3.429855 3.427802 3.433387 3.438049 3.423750 3.448833 3.431638 3.431679 3.431461 3.428496 3.424851 
3.446904 3.438139 3.431514 3.447918 3.425258 3.447854 3.428914 3.422177 3.431638 3.429855 3.427802 3.433387 3.438049 3.431077 3.448833 3.431638 3.431679 3.431461 3.436600 3.424851 
3.450054 3.438139 3.444303 3.447918 3.425258 3.447854 3.433393 3.439102 3.439110 3.429855 3.427802 3.433387 3.438049 3.439966 3.448833 3.431638 3.431679 3.431461 3.446747 3.424851 
3.450054 3.438139 3.444303 3.452630 3.433238 3.447854 3.433393 3.439102 3.439110 3.429855 3.432088 3.448335 3.438049 3.440083 3.448833 3.450567 3.446894 3.447223 3.446747 3.433856 
3.450276 3.438139 3.475929 3.452630 3.433238 3.457915 3.433393 3.439102 3.440560 3.429855 3.445279 3.448335 3.456034 3.440083 3.448833 3.450567 3.446894 3.447223 3.446747 3.433856 
3.453943 3.446141 3.475929 3.452630 3.447473 3.457915 3.433775 3.439102 3.440560 3.435615 3.445279 3.448335 3.456034 3.457469 3.448833 3.450567 3.446894 3.450484 3.446747 3.433856 
3.453943 3.480331 3.475929 3.452630 3.454713 3.457915 3.437423 3.439102 3.440560 3.450446 3.459995 3.448335 3.456034 3.457469 3.448833 3.450567 3.446894 3.453583 3.446747 3.433856 
3.454983 3.480331 3.481527 3.452630 3.454713 3.457915 3.437423 3.452573 3.453554 3.477423 3.459995 3.451892 3.456034 3.457469 3.448833 3.450567 3.446894 3.453583 3.453554 3.455790 
3.454983 3.480331 3.481527 3.483596 3.454713 3.457915 3.464062 3.452573 3.453554 3.477423 3.459995 3.451892 3.472827 3.457469 3.450328 3.450567 3.451157 3.476190 3.453554 3.455790 
3.454983 3.480331 3.481527 3.483596 3.471098 3.457915 3.464062 3.452573 3.457386 3.477423 3.459995 3.451892 3.472827 3.457469 3.484855 3.474802 3.477921 3.476190 3.453554 3.455790 
3.454983 3.480331 3.481527 3.483596 3.471098 3.464203 3.464062 3.452573 3.462017 3.477423 3.459995 3.477491 3.476043 3.485124 3.484855 3.479196 3.477921 3.479659 3.453554 3.455790 
3.465408 3.480331 3.481527 3.483596 3.471098 3.483518 3.464062 3.452740 3.462017 3.477423 3.464203 3.485430 3.476043 3.485124 3.484855 3.479196 3.477921 3.479659 3.474814 3.456671 
3.478895 3.480331 3.483518 3.483596 3.484463 3.483518 3.483231 3.452740 3.475495 3.478312 3.477808 3.485430 3.476043 3.485124 3.484855 3.479196 3.477921 3.482688 3.474814 3.470363 
3.478895 3.480513 3.484467 3.483596 3.484463 3.483518 3.483231 3.473499 3.475495 3.478312 3.478265 3.485430 3.477397 3.485124 3.484855 3.479196 3.485192 3.483360 3.483231 3.477802 
3.478895 3.487441 3.484467 3.485040 3.484463 3.483518 3.483231 3.483269 3.479211 3.484533 3.481187 3.485430 3.482647 3.485124 3.484855 3.482622 3.485192 3.483360 3.483231 3.477802 
3.478895 3.487441 3.484467 3.485040 3.484467 3.483518 3.483231 3.483269 3.479211 3.484533 3.481187 3.485430 3.484218 3.485124 3.484855 3.483231 3.485192 3.486849 3.483231 3.485079 
3.478895 3.487441 3.484475 3.485040 3.484467 3.484218 3.487795 3.483269 3.482858 3.485268 3.481187 3.485430 3.484218 3.485124 3.484855 3.483231 3.485192 3.486849 3.483231 3.485079 
3.482736 3.487441 3.484475 3.485445 3.487659 3.484218 3.487795 3.483269 3.485035 3.485268 3.483964 3.485430 3.484218 3.485597 3.486902 3.483231 3.487811 3.486849 3.483231 3.487178 
3.482736 3.487441 3.484650 3.485445 3.487950 3.484218 3.487795 3.484505 3.485035 3.485268 3.485159 3.485430 3.484440 3.485597 3.486902 3.487266 3.487811 3.486849 3.483633 3.487178 
3.487612 3.487441 3.484816 3.485445 3.487950 3.484650 3.487795 3.486649 3.485615 3.487125 3.485159 3.487500 3.484440 3.485597 3.486902 3.487266 3.487811 3.486849 3.485142 3.487178 
3.487612 3.487441 3.486385 3.485445 3.487950 3.489172 3.487795 3.486649 3.485615 3.487315 3.485377 3.487500 3.484440 3.485597 3.486902 3.487266 3.487811 3.487353 3.485621 3.487178 
3.487612 3.487441 3.486385 3.488240 3.487950 3.489172 3.487795 3.486649 3.485615 3.487315 3.487333 3.487500 3.488699 3.488607 3.486902 3.487266 3.487811 3.487353 3.488568 3.487178 
3.488194 3.487441 3.486385 3.488240 3.487950 3.489172 3.487795 3.486649 3.487264 3.487315 3.487427 3.487500 3.488699 3.488607 3.486902 3.487266 3.489639 3.487810 3.488568 3.487178 
3.488194 3.487441 3.486385 3.488794 3.487950 3.489172 3.487795 3.487185 3.487264 3.487315 3.488324 3.487500 3.488699 3.488607 3.486902 3.487266 3.489639 3.487810 3.488568 3.494400 
3.488194 3.487772 3.486385 3.489606 3.487950 3.489172 3.490015 3.488066 3.487264 3.487315 3.488324 3.487500 3.489941 3.489026 3.490003 3.488891 3.489639 3.487810 3.489321 3.494400 
3.488194 3.487772 3.486385 3.489606 3.488462 3.489172 3.490015 3.488867 3.487264 3.487315 3.490052 3.487900 3.491221 3.489026 3.490003 3.488891 3.489639 3.487810 3.489321 3.494400 
3.489346 3.488611 3.492072 3.489606 3.488462 3.489172 3.490015 3.488867 3.490052 3.492262 3.490052 3.487900 3.491221 3.489305 3.490003 3.488891 3.489639 3.487810 3.489321 3.494400 
3.489346 3.488611 3.492072 3.490748 3.488462 3.490257 3.490015 3.490467 3.490052 3.492262 3.490154 3.491213 3.491221 3.489843 3.490003 3.492525 3.489639 3.492313 3.490042 3.494400 
3.491740 3.488611 3.492072 3.490748 3.489936 3.490718 3.490015 3.491004 3.490678 3.492262 3.490154 3.491213 3.491221 3.493153 3.490003 3.493408 3.489639 3.492313 3.490042 3.494400 
3.491740 3.488611 3.492072 3.490748 3.489936 3.490718 3.492416 3.491004 3.490678 3.492262 3.490154 3.491213 3.491221 3.493153 3.491981 3.493408 3.489639 3.492313 3.490042 3.494400 
3.493431 3.490533 3.492072 3.491689 3.492085 3.490718 3.492416 3.491004 3.490678 3.492262 3.492011 3.491213 3.491221 3.493153 3.491981 3.493408 3.491067 3.492356 3.490042 3.494400 
3.493431 3.490533 3.492072 3.491689 3.492579 3.490718 3.492416 3.491004 3.492042 3.492262 3.493192 3.492175 3.491221 3.493153 3.491981 3.493408 3.491067 3.492356 3.490876 3.494400 
3.493431 3.490830 3.493299 3.492182 3.492579 3.490718 3.492416 3.491847 3.492042 3.492262 3.493192 3.492175 3.491469 3.493153 3.491981 3.493408 3.491067 3.492356 3.491547 3.494400 
3.493431 3.492591 3.493299 3.492182 3.492579 3.490718 3.492416 3.493024 3.492042 3.492262 3.493192 3.492583 3.491492 3.493153 3.491981 3.493408 3.491067 3.492356 3.491547 3.494400 
3.493706 3.492591 3.493299 3.492529 3.492579 3.494022 3.492639 3.493024 3.493024 3.492262 3.493192 3.492867 3.494578 3.493153 3.492729 3.493408 3.493200 3.492356 3.491547 3.494400 
3.493706 3.492783 3.493299 3.492540 3.492579 3.494022 3.492639 3.493069 3.493024 3.492617 3.493192 3.492867 3.494578 3.493153 3.493601 3.493408 3.493200 3.492977 3.493601 3.494400 
3.493706 3.492783 3.493299 3.493708 3.492579 3.494022 3.493100 3.493069 3.493024 3.493004 3.493341 3.493024 3.494578 3.493153 3.493601 3.493600 3.493200 3.493138 3.493601 3.494400 
3.493706 3.492783 3.493646 3.493708 3.493454 3.494022 3.493100 3.493069 3.493124 3.493004 3.493341 3.493024 3.494578 3.493410 3.493601 3.493600 3.493200 3.493138 3.493601 3.494400 
3.493706 3.494018 3.493646 3.494344 3.493454 3.494022 3.493100 3.493069 3.493124 3.493563 3.493796 3.493866 3.494578 3.493410 3.493601 3.493600 3.493200 3.493138 3.493601 3.494400 
3.493706 3.494018 3.494017 3.494344 3.494020 3.494227 3.493775 3.493069 3.493457 3.493563 3.493796 3.493866 3.494578 3.493410 3.493601 3.494759 3.493200 3.494360 3.493601 3.494400 
3.493706 3.494699 3.494017 3.494344 3.494020 3.494227 3.493775 3.493069 3.494264 3.494285 3.493796 3.493866 3.494578 3.493410 3.493601 3.494759 3.493438 3.494360 3.493601 3.494400 
3.493706 3.494699 3.494071 3.494344 3.494500 3.494227 3.493775 3.494144 3.494264 3.494285 3.493796 3.493866 3.494578 3.493707 3.493855 3.494759 3.493760 3.494360 3.493936 3.494400 
3.493706 3.494717 3.494521 3.494344 3.494500 3.494360 3.493775 3.494144 3.494264 3.494285 3.493855 3.493866 3.494688 3.494019 3.493855 3.494759 3.494353 3.494360 3.493936 3.494400 
3.493706 3.494717 3.494521 3.494344 3.494500 3.494372 3.494344 3.494264 3.494264 3.494285 3.493855 3.493936 3.494688 3.494019 3.493855 3.494759 3.494353 3.494360 3.493936 3.494400 
3.493706 3.494717 3.494521 3.494344 3.494500 3.494432 3.494344 3.494264 3.494264 3.494512 3.493980 3.494197 3.494797 3.494425 3.493907 3.494759 3.494353 3.494360 3.493936 3.494400 
3.494197 3.494717 3.494521 3.494344 3.494521 3.494432 3.494775 3.494576 3.494536 3.494512 3.493980 3.494197 3.494797 3.494628 3.494038 3.494759 3.494353 3.494360 3.494467 3.494400