
0 2.610818 2.733536 2.931493 2.957523 3.034329 3.094015 

0.000864 0.003367 0.001848 0.002023 0.002955 0.002471 
0.000878 0.002704 0.002180 0.001646 0.005397 0.001788 
0.000996 0.002852 0.004266 0.003644 0.004063 0.002205 
0.001044 0.003887 0.002613 0.002898 0.003919 0.002267 
0.001421 0.002522 0.003846 0.003371 0.004841 0.001658 
0.001208 0.004115 0.003593 0.002173 0.004373 0.002145 

1 0.499989 2.610818 2.733536 2.984259 2.994323 3.094015 

0.000000 0.000000 0.000000 0.000000 0.000000 0.000000 
0.000864 0.003367 0.001848 0.002023 0.002955 0.002471 
0.000878 0.002704 0.002180 0.001646 0.005397 0.001788 
0.001421 0.002522 0.003593 0.002173 0.004373 0.002145 
0.001421 0.002522 0.003846 0.002173 0.004373 0.002145 
0.001208 0.004115 0.003593 0.002173 0.004373 0.002145 

2 0.499989 2.610818 2.733536 2.994323 2.994323 3.094015 

0.000000 0.000000 0.000000 0.000000 0.000000 0.000000 
0.000864 0.003367 0.001848 0.002023 0.002955 0.002471 
0.000878 0.002704 0.002180 0.001646 0.005397 0.001788 
0.001421 0.002522 0.003846 0.002173 0.004373 0.002145 
0.001421 0.002522 0.003846 0.002173 0.004373 0.002145 
0.001208 0.004115 0.003593 0.002173 0.004373 0.002145 

3 0.499989 2.610818 2.733536 2.984259 2.984259 3.094015 

0.000000 0.000000 0.000000 0.000000 0.000000 0.000000 
0.000864 0.003367 0.001848 0.002023 0.002955 0.002471 
0.000878 0.002704 0.002180 0.001646 0.005397 0.001788 
0.001421 0.002522 0.003593 0.002173 0.004373 0.002145 
0.001421 0.002522 0.003593 0.002173 0.004373 0.002145 
0.001208 0.004115 0.003593 0.002173 0.004373 0.002145 

4 0.499989 2.610818 2.733536 3.094015 3.148914 3.155995 

0.000000 0.000000 0.000000 0.000000 0.000000 0.000000 
0.000864 0.003367 0.001848 0.002023 0.002955 0.002471 
0.000878 0.002704 0.002180 0.001646 0.005397 0.001788 
0.001208 0.004115 0.003593 0.002173 0.004373 0.002145 
0.001348 0.004060 0.003545 0.002173 0.004373 0.002145 
0.001402 0.004060 0.003545 0.002144 0.004315 0.002116 
