3.036273 3.023389 2.967921 2.755451 2.754159 3.117630 3.049184 3.226219 2.756274 2.746656 3.226219 
3.042483 3.075613 2.948664 2.844636 2.722372 3.082046 3.053471 3.288041 2.794870 2.850136 3.288041 
3.025145 3.069102 2.973004 2.850342 2.731795 3.069140 3.081714 3.287268 2.846498 2.873601 3.287268 
3.095823 3.085740 2.955470 2.857969 2.741880 3.048838 3.069809 3.293152 2.909207 2.901294 3.293152 
3.027116 3.100563 2.982506 2.941347 2.807419 3.060983 3.067083 3.289770 2.912445 2.902673 3.289770 
3.057671 3.043579 2.995068 2.914919 2.846172 3.093449 3.077279 3.311458 2.890210 2.904663 3.311458 
3.141988 3.078917 3.026427 2.926074 2.772008 3.079317 3.084709 3.332770 2.931506 2.934541 3.332770 
3.144668 3.078280 2.995116 2.943911 2.795824 3.083183 3.081036 3.327871 2.921410 2.911310 3.327871 
3.175758 3.101096 3.016727 2.945624 2.912024 3.067629 3.150206 3.358674 2.922700 2.959722 3.358674 
3.173549 3.159731 3.064778 3.007952 2.995122 3.080493 3.142224 3.344784 2.982612 3.000314 3.344784 
3.127043 3.172943 3.001925 3.018765 3.031617 3.050023 3.175125 3.310502 2.987761 3.059364 3.310502 
3.107297 3.219113 2.982292 3.003883 3.097399 3.037808 3.226195 3.359731 2.980275 3.089766 3.359731 
3.135316 3.264694 3.010190 3.154260 3.066692 3.029814 3.244388 3.406456 2.999977 3.060163 3.406456 
3.243431 3.298585 3.027445 3.194130 3.121368 3.075460 3.257273 3.390900 3.023344 3.162335 3.390900 
3.227107 3.312860 3.039141 3.210213 3.132525 3.112320 3.221253 3.369058 3.018620 3.145589 3.369058 
3.261945 3.297659 3.053717 3.195394 3.080141 3.145157 3.228867 3.345720 3.005526 3.059564 3.345720 
3.298524 3.294150 3.032503 3.226262 3.114384 3.163249 3.225519 3.409660 3.030906 3.128438 3.409660 
3.297889 3.296292 3.102488 3.247837 3.125134 3.185817 3.208155 3.370589 3.075388 3.142752 3.370589 
3.291237 3.304446 3.059436 3.159374 3.173732 3.211727 3.249255 3.340280 3.093251 3.098015 3.340280 
3.330625 3.293736 3.071839 3.268419 3.204090 3.271896 3.236764 3.316547 3.103720 3.086062 3.330625 
3.306138 3.339759 3.104616 3.289823 3.216812 3.224095 3.220949 3.336647 3.116033 3.125514 3.339759 
3.300620 3.330909 3.070944 3.296401 3.254944 3.292265 3.231345 3.305051 3.119345 3.184941 3.330909 
3.283942 3.334649 3.137220 3.241727 3.303558 3.339659 3.202028 3.259203 3.099972 3.209113 3.339659 
3.273569 3.258053 3.127628 3.282786 3.292547 3.307459 3.222429 3.238782 3.072854 3.218882 3.307459 
3.271150 3.279090 3.133264 3.298549 3.263068 3.329583 3.248313 3.295051 3.076509 3.205900 3.329583 
3.279469 3.299858 3.147741 3.288883 3.283989 3.340587 3.284020 3.333966 3.107135 3.240345 3.340587 
3.224772 3.248367 3.141378 3.304833 3.216855 3.314480 3.315759 3.311018 3.116914 3.261165 3.315759