10.396834 9.135598  10.595864 12.130248 
10.397301 9.135598  10.679654 12.241800
10.624197 9.405160  10.859330 12.776459
10.903858 9.672950  11.372984 13.047989
11.136168 9.799282  11.485189 13.286760
11.280886 9.896864  11.501192 13.465472
11.333798 9.930004  11.530910 13.474988
11.346205 9.962651  11.567664 13.518511
11.365484 10.009665 11.591340 13.558893
11.387207 10.043646 11.658169 13.639177
11.396279 10.072411 11.681798 13.664661
11.411560 10.091315 11.709776 13.717128
11.417034 10.091315 11.726224 13.729091
11.423549 10.091315 11.745089 13.745338
11.435128 10.091315 11.755073 13.756852
11.435199 10.091315 11.757521 13.767349
11.442220 10.091315 11.769138 13.773665
11.443252 10.091315 11.772993 13.782023
11.444250 10.091315 11.777760 13.783446
11.446211 10.091315 11.781276 13.787766
11.446211 10.091315 11.881278 13.787766
11.447365 10.091315 11.998508 13.804622
11.545703 10.091315 11.998508 13.870053
11.545703 10.091315 12.019479 13.870147
11.628332 10.091315 12.019479 13.879190