9.135598 8.423227 8.621842 7.959622 7.601098 8.305130 8.555483 8.613971 9.135598 7.927818 8.368344 7.517247 8.025031 7.804937 8.780381 8.821411 8.559659 7.806280 8.889814 8.224608 7.822399
9.135598 8.856831 9.025335 8.134437 8.071168 8.663523 8.836718 9.047468 9.135598 8.235888 8.891295 8.358776 8.499268 8.381079 8.785547 9.065311 8.487670 8.574853 9.081148 8.747891 8.306846
9.405160 8.776612 9.197993 8.671706 8.501066 9.189958 9.064853 9.185765 9.135598 8.980553 9.105816 9.067638 9.064926 8.842441 8.833971 9.181232 8.946966 9.210482 9.067074 9.405160 8.963336
9.672950 9.343994 9.304593 9.511050 9.136790 9.331513 9.441056 9.134058 9.200112 9.490723 9.363144 9.535954 9.434551 9.249478 9.044883 9.246107 9.412592 9.620914 9.118203 9.405160 9.672950
9.799282 9.734708 9.609602 9.666838 9.496264 9.538543 9.718992 9.435755 9.382511 9.753613 9.639359 9.680732 9.691981 9.549650 9.440165 9.593105 9.691954 9.799282 9.477499 9.707360 9.672950
9.896864 9.888830 9.666135 9.733404 9.829986 9.595189 9.869022 9.618659 9.787813 9.804523 9.768301 9.717347 9.838768 9.772532 9.702865 9.896864 9.787882 9.798114 9.687991 9.751991 9.772949
9.930004 9.919042 9.754513 9.777496 9.887264 9.699960 9.865301 9.782189 9.899304 9.831435 9.812547 9.836155 9.930004 9.886002 9.841320 9.896025 9.820658 9.916705 9.837884 9.788062 9.848810
9.962651 9.887172 9.862219 9.819978 9.937439 9.745889 9.877370 9.904343 9.960214 9.936723 9.853959 9.921287 9.926348 9.929893 9.918338 9.930431 9.912986 9.962651 9.940940 9.924195 9.913434
10.009665 9.857502 9.992595 9.940674 9.984889 9.921451 9.910300 9.970267 9.979170 9.973922 9.933411 9.961578 9.980211 9.975272 9.957538 9.966155 9.969384 9.961689 9.979184 10.009665 9.948526
10.043646 9.938045 10.019995 10.043646 10.011641 10.015063 10.002925 10.019140 9.993874 10.000406 10.000252 10.002486 10.016202 10.020288 10.002622 10.001022 10.002480 9.988490 10.002290 10.006560 9.962815
10.072411 9.969762 10.048522 10.044540 10.046276 10.072411 10.038771 10.055524 10.011925 10.029203 10.037259 10.037025 10.050800 10.042779 10.026097 10.005179 10.044810 10.047771 10.024875 10.053573 10.036287
10.091315 9.990671 10.071525 10.080545 10.055697 10.059993 10.057908 10.091315 10.047712 10.049745 10.042976 10.069127 10.059155 10.048216 10.043300 10.058356 10.068430 10.065239 10.059256 10.046056 10.063476
10.091315 10.046619 10.071648 10.074925 10.081724 10.067382 10.076042 10.077205 10.073843 10.080951 10.049089 10.063370 10.066624 10.065738 10.058200 10.076352 10.083770 10.072487 10.055052 10.052639 10.081343
10.091315 10.071424 10.073340 10.080360 10.068239 10.062282 10.078115 10.067063 10.072144 10.075969 10.061315 10.039173 10.071531 10.071763 10.066063 10.077889 10.077264 10.071823 10.062876 10.056781 10.074528
10.091315 10.074229 10.066171 10.078553 10.087241 10.061494 10.077004 10.066753 10.074661 10.072762 10.070332 10.057106 10.081906 10.067449 10.070293 10.083338 10.070380 10.070061 10.078795 10.059966 10.070980
10.091315 10.072490 10.067703 10.065681 10.075474 10.061522 10.082748 10.077168 10.073109 10.078076 10.070738 10.057700 10.069972 10.068395 10.071448 10.067875 10.079460 10.069476 10.079099 10.068990 10.069135
10.091315 10.072396 10.071097 10.076379 10.078111 10.061387 10.068581 10.076016 10.065245 10.068525 10.070142 10.073229 10.068547 10.076336 10.072769 10.068296 10.069108 10.078641 10.069727 10.071866 10.071993
10.091315 10.083705 10.073192 10.078229 10.068070 10.073730 10.068757 10.067083 10.066727 10.081217 10.078446 10.064417 10.071214 10.080064 10.070063 10.069235 10.078164 10.067698 10.071757 10.069890 10.080474
10.091315 10.067994 10.072470 10.067113 10.067955 10.081940 10.069869 10.069286 10.066776 10.070584 10.067417 10.077026 10.070652 10.080495 10.069298 10.069910 10.071596 10.068497 10.068619 10.068274 10.070223
10.091315 10.067742 10.088543 10.067867 10.068138 10.067186 10.070255 10.076733 10.066908 10.068015 10.068109 10.067383 10.072499 10.078267 10.069590 10.070445 10.069516 10.069180 10.069020 10.069765 10.070458
10.091315 10.066628 10.068415 10.066284 10.072220 10.078237 10.070016 10.067052 10.066290 10.067256 10.077735 10.076580 10.068707 10.068884 10.069832 10.069740 10.068049 10.069078 10.076559 10.070966 10.069831
10.091315 10.072615 10.070040 10.064568 10.067429 10.076517 10.070464 10.075852 10.066687 10.077966 10.067803 10.068765 10.069755 10.068550 10.069956 10.069846 10.070010 10.069673 10.070549 10.081971 10.072928
10.091315 10.074697 10.067693 10.066028 10.071335 10.066183 10.069828 10.066840 10.066897 10.070344 10.067882 10.068008 10.071653 10.068478 10.081337 10.071142 10.070304 10.077270 10.068271 10.077628 10.081788
10.091315 10.080901 10.068260 10.066259 10.067202 10.066054 10.068284 10.067145 10.076777 10.069355 10.067431 10.078114 10.071623 10.070568 10.068306 10.080440 10.067409 10.069504 10.069398 10.067732 10.068961
10.091315 10.069800 10.077598 10.064654 10.067065 10.065606 10.069603 10.077201 10.069496 10.080323 10.067525 10.068248 10.070445 10.080510 10.068608 10.070299 10.063670 10.069373 10.079401 10.066662 10.078486