10.396834 9.572949 9.739053 8.998949 8.300501 9.184830 9.684140 9.820934 10.396834 8.798972 9.135320 8.497815 9.163106 8.792741 9.896273 10.019510 9.694649 8.882580 10.174109 9.198292 8.507472
10.397301 10.077213 10.282945 9.235832 8.975138 9.656189 10.020898 10.295402 10.397301 9.241536 9.919013 9.469739 9.687952 9.491092 9.914077 10.270467 9.645899 9.756831 10.372861 9.859197 9.171143
10.624197 10.022798 10.497042 9.870466 9.556836 10.360215 10.302716 10.448182 10.397301 10.211373 10.350898 10.281394 10.318267 10.036042 10.005638 10.418348 10.151967 10.461505 10.328995 10.624197 10.086290
10.903858 10.560909 10.577323 10.766041 10.344251 10.571471 10.744741 10.359723 10.470969 10.762893 10.666831 10.798022 10.689631 10.496674 10.289420 10.490071 10.722572 10.901959 10.393101 10.624197 10.903858
11.136168 10.945406 10.824396 11.089647 10.820081 10.807212 11.023543 10.680863 10.692078 11.136168 11.068031 11.034162 10.936018 10.821414 10.715713 10.832429 10.971362 11.047196 10.713154 11.087063 10.903858
11.280886 11.271634 11.147917 11.097580 11.280886 10.945441 11.181099 10.945213 11.111138 11.136168 11.272292 11.251297 11.204806 11.035302 11.091709 11.063985 11.191772 11.217342 11.048608 11.228953 11.280359
11.333798 11.320488 11.257463 11.094747 11.271646 11.129851 11.267336 11.136094 11.292521 11.262616 11.287818 11.289378 11.333798 11.279709 11.241034 11.248053 11.294259 11.273332 11.236776 11.257227 11.306183
11.346205 11.310242 11.319817 11.093754 11.346205 11.228629 11.322133 11.226850 11.342386 11.282928 11.258156 11.289228 11.333330 11.322379 11.319314 11.337804 11.317427 11.276676 11.338981 11.323445 11.334745
11.365484 11.232117 11.355045 11.255970 11.336567 11.348252 11.354165 11.288873 11.362500 11.310299 11.276867 11.289008 11.332678 11.345790 11.345820 11.362114 11.330688 11.303778 11.365484 11.360655 11.354631
11.387207 11.235905 11.373152 11.320598 11.387207 11.385651 11.367538 11.308960 11.369160 11.360035 11.353834 11.324808 11.333215 11.367304 11.362226 11.368926 11.348279 11.351301 11.359022 11.377245 11.363085
11.396279 11.348637 11.362391 11.393629 11.383159 11.396279 11.369474 11.367928 11.386416 11.390581 11.372989 11.354995 11.343579 11.388349 11.379986 11.371499 11.371989 11.393025 11.377340 11.386123 11.379743
11.411560 11.357861 11.382184 11.393085 11.411560 11.396279 11.382871 11.393120 11.400217 11.405034 11.386085 11.373643 11.373038 11.399935 11.393507 11.383416 11.397982 11.405407 11.391259 11.379043 11.395627
11.417034 11.411245 11.399290 11.400477 11.411037 11.405240 11.395923 11.399168 11.408819 11.417034 11.404415 11.383113 11.411485 11.407740 11.408608 11.399973 11.408550 11.411975 11.403068 11.393727 11.410615
11.423549 11.408846 11.415161 11.403720 11.423549 11.419118 11.416131 11.405670 11.411810 11.416930 11.414068 11.399998 11.422695 11.415950 11.418355 11.407411 11.415184 11.415620 11.412563 11.408065 11.420076
11.435128 11.381140 11.421951 11.410043 11.423052 11.426505 11.424232 11.411627 11.421410 11.424496 11.420236 11.423474 11.435128 11.418870 11.424488 11.412487 11.419296 11.421863 11.416682 11.418104 11.423708
11.435199 11.409738 11.421885 11.411485 11.429396 11.424421 11.430632 11.417231 11.427794 11.428163 11.427933 11.432458 11.434606 11.428434 11.428372 11.429530 11.430104 11.425723 11.418877 11.424787 11.435199
11.442220 11.419893 11.418817 11.435878 11.432077 11.422884 11.430241 11.419278 11.429706 11.428023 11.429312 11.431718 11.427092 11.430366 11.429946 11.442220 11.435047 11.428013 11.429344 11.428325 11.435199
11.443252 11.433998 11.431603 11.433708 11.436635 11.428609 11.431226 11.429107 11.431209 11.429175 11.431936 11.443252 11.427956 11.443028 11.431566 11.442909 11.429877 11.441566 11.430912 11.443221 11.430966
11.444250 11.439885 11.432415 11.432805 11.433941 11.430654 11.442575 11.437874 11.433549 11.431813 11.430078 11.433184 11.429074 11.440673 11.433838 11.442621 11.429286 11.435836 11.444250 11.435062 11.431193
11.446211 11.441725 11.433222 11.428659 11.433175 11.433583 11.433976 11.446211 11.435108 11.433650 11.442543 11.443630 11.424278 11.436476 11.434800 11.433040 11.443460 11.434742 11.434124 11.435507 11.439982
11.446211 11.440730 11.441463 11.433150 11.434486 11.436516 11.436811 11.446211 11.436878 11.435722 11.443555 11.443640 11.423415 11.433966 11.436339 11.444528 11.435018 11.433615 11.435261 11.435418 11.429429
11.447365 11.431752 11.438054 11.432729 11.434949 11.438029 11.435526 11.446211 11.436377 11.437231 11.435319 11.444574 11.427705 11.433376 11.447365 11.436337 11.436010 11.433632 11.436421 11.435301 11.440027
11.545703 10.759966 11.091388 10.911472 11.213216 11.351003 11.068587 10.991677 10.881229 11.147994 11.118850 11.016594 11.238854 11.293935 11.545703 10.969169 10.964332 11.182472 11.384466 11.523201 10.943660
11.545703 11.209658 11.434922 11.418180 10.889533 10.786764 11.512988 11.387195 11.011609 11.084486 10.983268 11.222417 11.243471 11.343951 11.347863 11.515721 10.858546 11.109618 11.146979 11.364720 11.432956
11.628332 11.374961 11.187682 11.176201 11.195309 10.832676 11.540905 11.566593 11.586286 11.178770 11.468893 11.628332 11.502590 11.031290 11.497327 11.283720 11.392346 11.003537 10.706480 11.370867 11.329812


Price: 0.001552
Price: 0.002258
Price: 0.001499
Price: 0.001221
Price: 0.004998
Price: 0.001849