10.595864 10.336169 9.484889 9.991249 8.429265 9.145411 9.967202 10.211292 10.473997 8.737741 8.884117 9.427392 9.153060 9.832368 9.602505 9.627101 10.579349 9.483577 10.595864 8.958640 8.562358
10.679654 10.461897 10.014377 10.185504 9.110187 9.234922 10.400930 10.341103 10.679654 9.628436 9.498438 10.199378 9.599803 10.162547 9.681926 10.090581 10.524446 9.981567 10.595864 9.543671 9.697636
10.859330 10.368460 10.387264 10.401575 9.794050 10.309019 10.511786 10.547899 10.679654 10.761460 10.302411 10.617957 10.305850 10.859330 10.125160 10.735131 10.539124 10.659843 10.562721 10.373227 10.714863
11.372984 10.770958 10.881917 10.646341 10.645769 11.124061 10.640598 10.862135 10.831570 11.372984 10.791374 10.729751 10.938875 10.859330 10.731282 11.090791 10.748996 11.050001 10.641841 10.861879 11.191701
11.485189 11.089993 11.203391 11.205223 11.315594 11.117225 10.984149 11.214927 11.172147 11.372984 11.183469 11.159544 11.300932 11.320234 11.194132 11.347426 11.249480 11.485099 10.826044 11.191414 11.485189
11.501192 11.259430 11.205931 11.226747 11.337324 11.188534 11.439884 11.185282 11.407157 11.295169 11.322342 11.425275 11.443821 11.483115 11.316694 11.474102 11.406885 11.466745 11.264200 11.501192 11.485189
11.530910 11.370255 11.324435 11.261212 11.363180 11.338756 11.487580 11.260724 11.310574 11.410801 11.293580 11.398643 11.353685 11.530910 11.475184 11.503253 11.391587 11.479611 11.397692 11.501192 11.384777
11.567664 11.510030 11.452636 11.381823 11.459384 11.469482 11.507126 11.421480 11.489503 11.492219 11.340596 11.490991 11.389680 11.530910 11.567664 11.508007 11.430454 11.512977 11.481623 11.393839 11.468076
11.591340 11.550727 11.516605 11.547089 11.580911 11.591340 11.556258 11.532789 11.583221 11.509573 11.521568 11.558846 11.561417 11.580138 11.567664 11.508057 11.533854 11.564656 11.535634 11.519084 11.530604
11.658169 11.562912 11.565004 11.604535 11.645149 11.591340 11.584507 11.609637 11.622406 11.571432 11.635913 11.616648 11.658169 11.588513 11.641449 11.540924 11.592191 11.580161 11.550909 11.608924 11.569178
11.681798 11.629762 11.618535 11.665326 11.663706 11.665191 11.624419 11.681352 11.681798 11.660859 11.661223 11.655091 11.658169 11.644706 11.677833 11.645544 11.656601 11.644213 11.579524 11.673784 11.620868
11.709776 11.679478 11.691937 11.704667 11.676485 11.702143 11.672536 11.700744 11.681798 11.694140 11.656828 11.677416 11.709776 11.683561 11.691960 11.668575 11.694329 11.696548 11.610029 11.708283 11.669222
11.726224 11.706205 11.726224 11.724444 11.695201 11.724805 11.708421 11.723435 11.724224 11.709618 11.661208 11.708687 11.709776 11.713258 11.698524 11.685461 11.723980 11.715510 11.672488 11.716887 11.709109
11.745089 11.721584 11.726224 11.731204 11.705280 11.735296 11.723858 11.745089 11.740445 11.726041 11.664133 11.725644 11.734735 11.735706 11.713013 11.706665 11.729185 11.729005 11.718810 11.723654 11.737769
11.755073 11.736157 11.745187 11.736318 11.713374 11.743160 11.742784 11.745089 11.752745 11.743342 11.687274 11.735982 11.755073 11.750458 11.724959 11.715709 11.741229 11.745418 11.736510 11.739912 11.746484
11.757521 11.742380 11.754851 11.744439 11.726097 11.744866 11.757521 11.755533 11.755610 11.748134 11.744943 11.746367 11.755073 11.755808 11.744343 11.742774 11.753165 11.755703 11.744536 11.748676 11.756169
11.769138 11.746224 11.758111 11.759564 11.746601 11.754848 11.757521 11.761137 11.754033 11.757331 11.769138 11.756645 11.761314 11.758236 11.758283 11.758789 11.761914 11.758879 11.754043 11.754994 11.760277
11.772993 11.753889 11.763407 11.768042 11.757707 11.769798 11.767155 11.768060 11.762214 11.772993 11.769138 11.766971 11.770292 11.761014 11.771890 11.763694 11.771240 11.767845 11.763503 11.768443 11.770579
11.777760 11.773851 11.765997 11.776650 11.771507 11.775287 11.773702 11.772828 11.768777 11.772993 11.775840 11.773638 11.775488 11.763494 11.777760 11.773290 11.776317 11.774104 11.769812 11.775094 11.775794
11.781276 11.780146 11.775245 11.781273 11.781276 11.774797 11.779094 11.777553 11.774661 11.777991 11.780708 11.779493 11.777360 11.773318 11.777760 11.778889 11.777738 11.776237 11.774000 11.779206 11.778481
11.881278 11.565084 11.843047 11.688034 11.751766 11.235825 11.713944 11.571968 11.686109 11.881278 11.436003 11.671360 11.585902 11.623739 11.743940 11.542823 11.151127 11.642215 11.618989 11.321682 11.307499
11.998508 11.641831 11.495893 11.494551 11.785874 11.719700 11.586979 11.628555 11.869950 11.998508 11.426142 11.518083 11.613626 11.404849 11.881143 11.986057 11.649977 11.684871 11.487667 11.652612 11.640147
11.998508 11.603659 11.971872 11.718599 11.691463 11.557481 11.321091 11.730731 11.848367 11.748222 11.640380 11.697398 11.725803 11.822214 11.305178 11.722171 11.586543 11.443669 11.635686 11.763948 11.977851
12.019479 11.672814 11.802874 11.515426 11.940635 11.717542 11.726614 11.558328 11.519160 11.523462 11.939693 11.324366 11.951133 11.652375 11.608324 11.751066 11.672894 12.019479 11.527588 11.744082 11.780480
12.019479 11.814789 11.620977 11.943991 11.805292 11.948957 11.540705 11.819179 11.838381 11.557082 11.699674 11.258320 11.677471 11.828889 11.678210 11.933226 11.646593 11.830207 11.822940 11.472783 11.608422