12.130248 12.089823 10.777112 11.434445 9.157227 10.309662 11.531684 11.819605 12.130248 9.743754 9.966180
12.241800 11.513256 11.423283 12.197379 11.592204 11.285662 11.662771 12.241800 12.130248 10.053618 10.924964
12.776459 12.026513 12.392648 12.388570 12.776459 12.065159 11.896734 12.241800 12.128645 11.240732 12.004444
13.047989 12.602520 12.846898 12.591534 12.776459 12.730820 12.512879 12.585201 12.495222 12.250858 13.047989
13.286760 12.601291 13.153704 12.892363 13.127472 13.286760 12.887140 13.057360 12.986792 13.014040 13.047989
13.465472 12.564861 13.319078 13.299172 13.235311 13.286760 13.205949 13.315710 13.310475 13.465472 13.372292
13.474988 13.196088 13.256193 13.275420 13.287900 13.474988 13.393360 13.449279 13.378043 13.465472 13.425523
13.518511 13.518511 13.417437 13.349260 13.425346 13.474988 13.518157 13.509779 13.396613 13.385429 13.512746
13.558893 13.518511 13.557538 13.469671 13.503671 13.558893 13.467489 13.464923 13.462742 13.456704 13.553934
13.639177 13.622853 13.627587 13.569866 13.566664 13.558893 13.639177 13.551030 13.498951 13.549327 13.608176
13.664661 13.654693 13.659321 13.631501 13.651419 13.613797 13.639177 13.625257 13.572827 13.664661 13.647261
13.717128 13.661989 13.671051 13.659655 13.682179 13.679111 13.717128 13.670699 13.679022 13.665453 13.663670
13.729091 13.704777 13.674118 13.700164 13.694578 13.716550 13.717128 13.701338 13.715777 13.729091 13.675145
13.745338 13.726882 13.686622 13.745338 13.719357 13.732015 13.738729 13.729611 13.733047 13.729091 13.710198
13.756852 13.736563 13.725168 13.745338 13.728131 13.740895 13.749909 13.739909 13.746459 13.756852 13.732018
13.767349 13.743376 13.730971 13.740152 13.739634 13.742216 13.766354 13.767349 13.765754 13.756852 13.755057
13.773665 13.766456 13.765638 13.754043 13.761381 13.767604 13.770710 13.767349 13.773665 13.769945 13.772227
13.782023 13.780968 13.774230 13.769606 13.778685 13.777579 13.772279 13.782023 13.773665 13.774972 13.777182
13.783446 13.782203 13.780752 13.780864 13.783446 13.782117 13.774852 13.782023 13.782330 13.779916 13.778741
13.787766 13.782872 13.785369 13.783497 13.783623 13.784515 13.783292 13.787766 13.785729 13.781058 13.781102
13.787766 13.385852 13.306817 13.384177 13.581987 13.205156 13.569756 13.445065 13.397120 13.463539 13.232892
13.804622 13.804622 13.458706 13.765958 13.621452 13.751979 13.656964 13.445065 13.767730 13.615399 13.582133
13.870053 13.804622 13.766464 13.829021 13.691275 13.833502 13.870053 13.752395 13.811906 13.663919 13.850532
13.870147 13.745490 13.792849 13.861151 13.816537 13.843234 13.870147 13.777881 13.846668 13.739732 13.851334
13.879190 13.878206 13.777542 13.850372 13.824241 13.852972 13.870147 13.806445 13.879190 13.799545 13.865945