15.000000 1 3.045943 0
15.000000 2 3.086708 0
15.000000 3 3.030036 1
15.000000 4 2.974666 1
15.000000 5 2.996983 0
15.000000 6 3.027299 0
15.000000 7 3.007692 1
15.000000 8 2.924983 1
15.000000 9 2.949880 0
15.000000 10 2.950250 0
15.000000 11 2.978050 0
15.000000 12 2.976650 1
15.000000 13 3.050127 0
15.000000 14 3.142038 0
15.000000 15 3.219451 0
13.500000 1 3.272803 0
13.500000 2 3.262992 1
13.500000 3 3.209006 1
13.500000 4 3.250244 0
13.500000 5 3.232187 1
13.500000 6 3.208643 1
13.500000 7 3.190389 1
13.500000 8 3.200027 0
13.500000 9 3.158853 1
13.500000 10 3.146012 1
13.500000 11 3.122634 1
13.500000 12 3.099724 1
13.500000 13 3.109493 0
13.500000 14 3.180887 0
13.500000 15 3.238388 0
12.150000 1 3.342526 0
12.150000 2 3.336409 1
12.150000 3 3.271952 1
12.150000 4 3.261547 1
12.150000 5 3.230249 1
12.150000 6 3.196239 1
12.150000 7 3.174072 1
12.150000 8 3.161351 1
12.150000 9 3.193379 0
12.150000 10 3.166688 1
12.150000 11 3.144859 1
12.150000 12 3.138911 1
12.150000 13 3.207228 0
12.150000 14 3.249241 0
12.150000 15 3.351245 0
10.935000 1 3.396353 0
10.935000 2 3.373190 1
10.935000 3 3.313440 1
10.935000 4 3.322668 0
10.935000 5 3.334439 0
10.935000 6 3.384721 0
10.935000 7 3.321711 1
10.935000 8 3.320016 1
10.935000 9 3.385873 0
10.935000 10 3.384562 1
10.935000 11 3.417918 0
10.935000 12 3.390283 1
10.935000 13 3.481462 0
10.935000 14 3.407635 1
10.935000 15 3.377954 1
9.841500 1 3.391078 0
9.841500 2 3.375162 1
9.841500 3 3.385903 0
9.841500 4 3.371006 1
9.841500 5 3.385525 0
9.841500 6 3.370471 1
9.841500 7 3.365228 1
9.841500 8 3.316119 1
9.841500 9 3.262391 1
9.841500 10 3.325672 0
9.841500 11 3.328311 0
9.841500 12 3.362840 0
9.841500 13 3.267166 1
9.841500 14 3.197924 1
9.841500 15 3.178798 1
8.857350 1 3.173890 1
8.857350 2 3.240696 0
8.857350 3 3.272323 0
8.857350 4 3.388995 0
8.857350 5 3.452064 0
8.857350 6 3.475789 0
8.857350 7 3.546059 0
8.857350 8 3.535869 1
8.857350 9 3.551641 0
8.857350 10 3.516704 1
8.857350 11 3.506172 1
8.857350 12 3.467181 1
8.857350 13 3.458192 1
8.857350 14 3.567231 0
8.857350 15 3.581087 0
7.971615 1 3.649831 0
7.971615 2 3.652622 0
7.971615 3 3.654137 0
7.971615 4 3.639100 1
7.971615 5 3.630947 1
7.971615 6 3.591129 1
7.971615 7 3.664923 0
7.971615 8 3.725763 0
7.971615 9 3.791343 0
7.971615 10 3.812833 0
7.971615 11 3.702213 1
7.971615 12 3.657455 1
7.971615 13 3.610770 1
7.971615 14 3.637863 0
7.971615 15 3.630063 1
7.174454 1 3.608923 1
7.174454 2 3.668059 0
7.174454 3 3.608450 1
7.174454 4 3.603606 1
7.174454 5 3.608194 0
7.174454 6 3.665744 0
7.174454 7 3.608377 1
7.174454 8 3.600113 1
7.174454 9 3.592477 1
7.174454 10 3.586888 1
7.174454 11 3.597291 0
7.174454 12 3.647016 0
7.174454 13 3.553211 1
7.174454 14 3.536357 1
7.174454 15 3.450227 1
6.457008 1 3.459547 0
6.457008 2 3.487217 0
6.457008 3 3.481520 1
6.457008 4 3.446300 1
6.457008 5 3.450238 0
6.457008 6 3.388021 1
6.457008 7 3.418154 0
6.457008 8 3.446420 0
6.457008 9 3.367770 1
6.457008 10 3.367737 1
6.457008 11 3.345439 1
6.457008 12 3.353190 0
6.457008 13 3.408028 0
6.457008 14 3.415767 0
6.457008 15 3.492444 0
5.811307 1 3.516121 0
5.811307 2 3.501425 1
5.811307 3 3.465653 1
5.811307 4 3.421338 1
5.811307 5 3.455627 0
5.811307 6 3.506548 0
5.811307 7 3.499314 1
5.811307 8 3.478345 1
5.811307 9 3.423859 1
5.811307 10 3.377608 1
5.811307 11 3.393643 0
5.811307 12 3.323255 1
5.811307 13 3.254713 1
5.811307 14 3.283152 0
5.811307 15 3.292533 0
5.230177 1 3.392521 0
5.230177 2 3.385623 1
5.230177 3 3.396503 0
5.230177 4 3.354830 1
5.230177 5 3.323002 1
5.230177 6 3.333244 0
5.230177 7 3.337530 0
5.230177 8 3.315591 1
5.230177 9 3.292532 1
5.230177 10 3.295211 0
5.230177 11 3.306747 0
5.230177 12 3.318682 0
5.230177 13 3.384699 0
5.230177 14 3.395251 0
5.230177 15 3.415379 0
4.707159 1 3.413139 1
4.707159 2 3.380606 1
4.707159 3 3.447671 0
4.707159 4 3.467666 0
4.707159 5 3.393996 1
4.707159 6 3.385897 1
4.707159 7 3.393255 0
4.707159 8 3.388389 1
4.707159 9 3.444824 0
4.707159 10 3.411546 1
4.707159 11 3.374299 1
4.707159 12 3.421751 0
4.707159 13 3.422265 0
4.707159 14 3.325504 1
4.707159 15 3.315308 1
4.236443 1 3.301120 1
4.236443 2 3.369556 0
4.236443 3 3.339133 1
4.236443 4 3.418322 0
4.236443 5 3.476099 0
4.236443 6 3.520243 0
4.236443 7 3.534990 0
4.236443 8 3.531098 1
4.236443 9 3.515204 1
4.236443 10 3.486443 1
4.236443 11 3.577957 0
4.236443 12 3.555909 1
4.236443 13 3.566559 0
4.236443 14 3.652338 0
4.236443 15 3.503120 1
3.812799 1 3.496834 1
3.812799 2 3.497886 0
3.812799 3 3.464977 1
3.812799 4 3.416819 1
3.812799 5 3.464612 0
3.812799 6 3.406813 1
3.812799 7 3.427161 0
3.812799 8 3.401813 1
3.812799 9 3.326130 1
3.812799 10 3.358725 0
3.812799 11 3.376505 0
3.812799 12 3.275091 1
3.812799 13 3.218916 1
3.812799 14 3.235921 0
3.812799 15 3.191992 1
3.431519 1 3.254352 0
3.431519 2 3.322956 0
3.431519 3 3.264071 1
3.431519 4 3.276789 0
3.431519 5 3.184934 1
3.431519 6 3.250510 0
3.431519 7 3.288975 0
3.431519 8 3.246242 1
3.431519 9 3.321028 0
3.431519 10 3.311058 1
3.431519 11 3.321131 0
3.431519 12 3.270063 1
3.431519 13 3.380681 0
3.431519 14 3.294520 1
3.431519 15 3.263001 1
3.088367 1 3.268617 0
3.088367 2 3.268617 0
3.088367 3 2.936366 1
3.088367 4 2.952304 0
3.088367 5 2.884386 1
3.088367 6 2.838412 1
3.088367 7 2.870247 0
3.088367 8 2.875135 0
3.088367 9 2.928245 0
3.088367 10 2.935951 0
3.088367 11 2.952052 0
3.088367 12 2.951015 1
3.088367 13 2.959695 0
3.088367 14 3.031329 0
3.088367 15 3.017602 1
2.779530 1 3.007022 1
2.779530 2 3.072606 0
2.779530 3 2.971948 1
2.779530 4 2.983859 0
2.779530 5 2.934388 1
2.779530 6 3.004930 0
2.779530 7 3.002304 1
2.779530 8 2.961966 1
2.779530 9 2.862918 1
2.779530 10 2.975680 0
2.779530 11 2.947994 1
2.779530 12 2.998161 0
2.779530 13 3.032342 0
2.779530 14 3.060830 0
2.779530 15 3.096283 0
2.501577 1 3.051994 1
2.501577 2 2.955079 1
2.501577 3 2.956062 0
2.501577 4 2.978862 0
2.501577 5 2.997192 0
2.501577 6 2.951100 1
2.501577 7 2.955802 0
2.501577 8 2.967262 0
2.501577 9 2.905864 1
2.501577 10 2.993111 0
2.501577 11 3.017982 0
2.501577 12 2.928296 1
2.501577 13 2.970794 0
2.501577 14 3.118154 0
2.501577 15 3.183813 0
2.251420 1 3.282897 0
2.251420 2 3.304610 0
2.251420 3 3.297907 1
2.251420 4 3.221022 1
2.251420 5 3.158794 1
2.251420 6 3.143640 1
2.251420 7 3.056475 1
2.251420 8 3.017460 1
2.251420 9 3.027407 0
2.251420 10 3.056376 0
2.251420 11 3.055371 1
2.251420 12 3.013077 1
2.251420 13 2.978435 1
2.251420 14 3.033720 0
2.251420 15 3.060858 0
2.026278 1 3.104772 0
2.026278 2 3.049034 1
2.026278 3 2.997147 1
2.026278 4 2.945771 1
2.026278 5 2.948046 0
2.026278 6 3.064646 0
2.026278 7 2.996483 1
2.026278 8 2.958028 1
2.026278 9 2.893756 1
2.026278 10 2.920173 0
2.026278 11 2.957654 0
2.026278 12 2.988613 0
2.026278 13 2.923933 1
2.026278 14 3.002758 0
2.026278 15 2.957755 1
1.823650 1 2.957755 1
1.823650 2 2.997581 0
1.823650 3 3.033416 0
1.823650 4 3.062676 0
1.823650 5 3.125941 0
1.823650 6 3.062808 1
1.823650 7 3.040793 1
1.823650 8 3.025893 1
1.823650 9 3.096788 0
1.823650 10 3.092645 1
1.823650 11 3.023765 1
1.823650 12 3.043406 0
1.823650 13 2.975317 1
1.823650 14 3.057117 0
1.823650 15 2.962144 1
1.641285 1 2.976381 0
1.641285 2 2.986752 0
1.641285 3 2.922065 1
1.641285 4 2.893052 1
1.641285 5 2.966899 0
1.641285 6 2.986496 0
1.641285 7 3.091221 0
1.641285 8 3.026385 1
1.641285 9 3.056078 0
1.641285 10 2.976809 1
1.641285 11 2.913783 1
1.641285 12 2.921706 0
1.641285 13 2.944662 0
1.641285 14 2.963322 0
1.641285 15 2.930513 1
1.477156 1 2.960573 0
1.477156 2 2.923723 1
1.477156 3 2.863881 1
1.477156 4 2.783303 1
1.477156 5 2.751577 1
1.477156 6 2.758331 0
1.477156 7 2.734072 1
1.477156 8 2.797630 0
1.477156 9 2.792560 1
1.477156 10 2.816239 0
1.477156 11 2.880876 0
1.477156 12 2.907788 0
1.477156 13 2.861054 1
1.477156 14 2.919762 0
1.477156 15 2.927985 0
1.329441 1 2.884636 1
1.329441 2 2.911744 0
1.329441 3 2.981142 0
1.329441 4 3.003767 0
1.329441 5 2.879664 1
1.329441 6 2.936461 0
1.329441 7 2.963152 0
1.329441 8 2.946601 1
1.329441 9 2.986503 0
1.329441 10 2.956977 1
1.329441 11 2.963248 0
1.329441 12 3.048431 0
1.329441 13 3.045459 1
1.329441 14 3.045103 1
1.329441 15 3.066214 0
1.196497 1 2.947665 1
1.196497 2 2.978409 0
1.196497 3 3.019970 0
1.196497 4 3.065903 0
1.196497 5 2.946678 1
1.196497 6 2.898256 1
1.196497 7 2.883029 1
1.196497 8 2.939912 0
1.196497 9 2.911478 1
1.196497 10 2.967749 0
1.196497 11 2.928382 1
1.196497 12 2.866336 1
1.196497 13 2.879095 0
1.196497 14 2.957495 0
1.196497 15 3.024151 0
1.076847 1 3.013241 1
1.076847 2 3.009947 1
1.076847 3 2.983255 1
1.076847 4 2.923631 1
1.076847 5 2.995294 0
1.076847 6 3.037370 0
1.076847 7 3.022877 1
1.076847 8 3.009610 1
1.076847 9 3.038849 0
1.076847 10 3.070370 0
1.076847 11 3.039634 1
1.076847 12 3.179046 0
1.076847 13 3.270398 0
1.076847 14 3.185443 1
1.076847 15 3.172415 1
0.969162 1 3.197238 0
0.969162 2 3.150838 1
0.969162 3 3.019821 1
0.969162 4 2.943504 1
0.969162 5 2.993717 0
0.969162 6 3.085561 0
0.969162 7 3.038722 1
0.969162 8 3.028884 1
0.969162 9 3.041582 0
0.969162 10 3.018055 1
0.969162 11 3.118148 0
0.969162 12 3.035257 1
0.969162 13 2.999038 1
0.969162 14 2.996820 1
0.969162 15 3.057838 0
0.872246 1 2.948330 1
0.872246 2 2.939146 1
0.872246 3 2.939146 1
0.872246 4 2.983829 0
0.872246 5 2.940625 1
0.872246 6 2.983330 0
0.872246 7 2.969602 1
0.872246 8 3.025331 0
0.872246 9 3.057238 0
0.872246 10 2.951290 1
0.872246 11 2.888962 1
0.872246 12 2.948509 0
0.872246 13 2.957982 0
0.872246 14 2.860428 1
0.872246 15 2.905984 0
0.785021 1 2.881523 1
0.785021 2 2.857506 1
0.785021 3 2.852918 1
0.785021 4 2.765646 1
0.785021 5 2.868804 0
0.785021 6 2.851441 1
0.785021 7 2.931908 0
0.785021 8 2.841180 1
0.785021 9 2.838015 1
0.785021 10 2.837298 1
0.785021 11 2.766713 1
0.785021 12 2.725990 1
0.785021 13 2.731502 0
0.785021 14 2.655591 1
0.785021 15 2.600760 1
0.706519 1 2.606832 0
0.706519 2 2.544165 1
0.706519 3 2.617255 0
0.706519 4 2.548836 1
0.706519 5 2.525802 1
0.706519 6 2.547401 0
0.706519 7 2.559166 0
0.706519 8 2.579429 0
0.706519 9 2.527890 1
0.706519 10 2.448214 1
0.706519 11 2.471292 0
0.706519 12 2.555290 0
0.706519 13 2.476949 1
0.706519 14 2.424754 1
0.706519 15 2.408044 1
0.635867 1 2.419453 0
0.635867 2 2.419611 0
0.635867 3 2.443041 0
0.635867 4 2.480000 0
0.635867 5 2.505441 0
0.635867 6 2.415980 1
0.635867 7 2.505895 0
0.635867 8 2.603994 0
0.635867 9 2.575112 1
0.635867 10 2.622604 0
0.635867 11 2.497203 1
0.635867 12 2.554426 0
0.635867 13 2.544305 1
0.635867 14 2.544305 1
0.635867 15 2.774801 0
0.572281 1 2.760439 1
0.572281 2 2.697562 1
0.572281 3 2.728529 0
0.572281 4 2.746609 0
0.572281 5 2.746609 0
0.572281 6 2.657098 1
0.572281 7 2.689267 0
0.572281 8 2.703052 0
0.572281 9 2.659087 1
0.572281 10 2.702345 0
0.572281 11 2.702345 0
0.572281 12 2.841902 0
0.572281 13 2.798584 1
0.572281 14 2.843288 0
0.572281 15 2.862314 0
0.515053 1 2.865210 0
0.515053 2 2.891915 0
0.515053 3 2.875599 1
0.515053 4 2.797391 1
0.515053 5 2.859018 0
0.515053 6 3.039810 0
0.515053 7 3.032182 1
0.515053 8 3.022872 1
0.515053 9 3.032604 0
0.515053 10 2.970367 1
0.515053 11 2.971608 0
0.515053 12 3.027928 0
0.515053 13 2.999671 1
0.515053 14 3.024444 0
0.515053 15 3.111386 0
0.463547 1 3.135410 0
0.463547 2 3.094297 1
0.463547 3 3.046653 1
0.463547 4 3.006726 1
0.463547 5 3.006726 1
0.463547 6 3.130633 0
0.463547 7 3.083431 1
0.463547 8 3.088897 0
0.463547 9 3.124875 0
0.463547 10 3.128097 0
0.463547 11 3.122491 1
0.463547 12 3.073668 1
0.463547 13 3.092107 0
0.463547 14 3.060937 1
0.463547 15 3.060937 1
0.417193 1 3.051970 1
0.417193 2 2.996010 1
0.417193 3 2.991489 1
0.417193 4 2.963208 1
0.417193 5 2.884979 1
0.417193 6 2.888831 0
0.417193 7 2.891147 0
0.417193 8 2.900438 0
0.417193 9 2.849605 1
0.417193 10 2.878678 0
0.417193 11 2.878678 0
0.417193 12 3.028908 0
0.417193 13 3.024058 1
0.417193 14 3.045693 0
0.417193 15 3.024783 1
0.375473 1 3.033695 0
0.375473 2 3.103742 0
0.375473 3 3.160100 0
0.375473 4 3.157768 1
0.375473 5 3.126512 1
0.375473 6 3.174100 0
0.375473 7 3.168998 1
0.375473 8 3.259540 0
0.375473 9 3.259540 0
0.375473 10 3.238574 1
0.375473 11 3.315109 0
0.375473 12 3.384783 0
0.375473 13 3.485369 0
0.375473 14 3.578934 0
0.375473 15 3.525337 1
0.337926 1 3.500028 1
0.337926 2 3.576084 0
0.337926 3 3.624839 0
0.337926 4 3.594271 1
0.337926 5 3.537054 1
0.337926 6 3.484377 1
0.337926 7 3.482799 1
0.337926 8 3.416796 1
0.337926 9 3.535535 0
0.337926 10 3.540267 0
0.337926 11 3.555131 0
0.337926 12 3.557753 0
0.337926 13 3.545392 1
0.337926 14 3.437141 1
0.337926 15 3.433834 1
0.304133 1 3.425234 1
0.304133 2 3.450041 0
0.304133 3 3.486533 0
0.304133 4 3.499709 0
0.304133 5 3.474855 1
0.304133 6 3.522385 0
0.304133 7 3.533395 0
0.304133 8 3.545520 0
0.304133 9 3.493501 1
0.304133 10 3.513532 0
0.304133 11 3.516229 0
0.304133 12 3.520884 0
0.304133 13 3.520884 0
0.304133 14 3.520884 0
0.304133 15 3.520884 0
0.273720 1 3.296749 1
0.273720 2 3.296749 1
0.273720 3 3.158936 1
0.273720 4 3.075877 1
0.273720 5 3.031296 1
0.273720 6 2.989537 1
0.273720 7 3.089268 0
0.273720 8 3.109458 0
0.273720 9 3.148449 0
0.273720 10 3.136020 1
0.273720 11 3.136020 1
0.273720 12 2.970315 1
0.273720 13 2.942512 1
0.273720 14 2.985491 0
0.273720 15 2.965520 1
0.246348 1 2.928480 1
0.246348 2 2.887646 1
0.246348 3 2.931529 0
0.246348 4 2.899461 1
0.246348 5 2.908755 0
0.246348 6 2.888745 1
0.246348 7 2.909661 0
0.246348 8 3.012571 0
0.246348 9 3.059454 0
0.246348 10 3.059848 0
0.246348 11 3.064271 0
0.246348 12 3.125613 0
0.246348 13 3.142658 0
0.246348 14 3.225963 0
0.246348 15 3.225963 0
0.221713 1 3.225963 0
0.221713 2 3.225963 0
0.221713 3 3.116460 1
0.221713 4 3.117192 0
0.221713 5 3.136257 0
0.221713 6 3.075891 1
0.221713 7 3.043569 1
0.221713 8 3.062714 0
0.221713 9 3.059535 1
0.221713 10 3.008231 1
0.221713 11 3.010958 0
0.221713 12 3.069728 0
0.221713 13 3.109898 0
0.221713 14 3.194978 0
0.221713 15 3.082346 1
0.199542 1 3.059331 1
0.199542 2 3.098597 0
0.199542 3 3.098565 1
0.199542 4 3.192347 0
0.199542 5 3.128592 1
0.199542 6 3.086104 1
0.199542 7 3.108969 0
0.199542 8 3.056968 1
0.199542 9 3.027945 1
0.199542 10 3.096744 0
0.199542 11 3.091042 1
0.199542 12 3.107403 0
0.199542 13 3.088637 1
0.199542 14 3.032191 1
0.199542 15 3.032191 1
0.179588 1 2.910377 1
0.179588 2 2.910377 1
0.179588 3 2.910377 1
0.179588 4 2.895155 1
0.179588 5 2.895155 1
0.179588 6 2.895155 1
0.179588 7 2.895155 1
0.179588 8 2.849712 1
0.179588 9 2.959821 0
0.179588 10 3.010772 0
0.179588 11 2.991905 1
0.179588 12 3.065510 0
0.179588 13 3.065510 0
0.179588 14 3.061991 1
0.179588 15 3.064197 0
0.161629 1 3.053879 1
0.161629 2 3.041233 1
0.161629 3 3.090882 0
0.161629 4 3.020002 1
0.161629 5 2.901533 1
0.161629 6 2.889312 1
0.161629 7 2.845840 1
0.161629 8 2.916323 0
0.161629 9 2.892102 1
0.161629 10 3.000790 0
0.161629 11 3.073650 0
0.161629 12 3.148647 0
0.161629 13 3.097220 1
0.161629 14 3.111562 0
0.161629 15 3.123414 0
0.145466 1 3.163604 0
0.145466 2 3.197153 0
0.145466 3 3.239358 0
0.145466 4 3.275341 0
0.145466 5 3.275341 0
0.145466 6 3.275341 0
0.145466 7 3.275341 0
0.145466 8 3.159960 1
0.145466 9 3.159960 1
0.145466 10 3.102479 1
0.145466 11 3.144647 0
0.145466 12 3.165255 0
0.145466 13 3.171316 0
0.145466 14 3.237877 0
0.145466 15 3.237877 0
0.130919 1 3.237877 0
0.130919 2 3.242485 0
0.130919 3 3.226197 1
0.130919 4 3.170493 1
0.130919 5 3.159189 1
0.130919 6 3.159189 1
0.130919 7 3.072761 1
0.130919 8 3.044382 1
0.130919 9 3.026464 1
0.130919 10 3.011547 1
0.130919 11 3.013837 0
0.130919 12 3.100554 0
0.130919 13 3.058443 1
0.130919 14 3.072653 0
0.130919 15 3.104077 0
0.117828 1 3.133328 0
0.117828 2 3.188946 0
0.117828 3 3.188946 0
0.117828 4 3.235156 0
0.117828 5 3.199229 1
0.117828 6 3.241906 0
0.117828 7 3.231526 1
0.117828 8 3.231526 1
0.117828 9 3.209316 1
0.117828 10 3.158513 1
0.117828 11 3.167809 0
0.117828 12 3.198428 0
0.117828 13 3.206859 0
0.117828 14 3.241526 0
0.117828 15 3.254877 0
0.106045 1 3.249688 1
0.106045 2 3.295884 0
0.106045 3 3.312734 0
0.106045 4 3.312353 1
0.106045 5 3.334879 0
0.106045 6 3.332650 1
0.106045 7 3.357862 0
0.106045 8 3.389234 0
0.106045 9 3.397311 0
0.106045 10 3.419013 0
0.106045 11 3.444551 0
0.106045 12 3.489574 0
0.106045 13 3.489574 0
0.106045 14 3.489574 0
0.106045 15 3.489574 0
0.095440 1 3.489574 0
0.095440 2 3.489574 0
0.095440 3 3.489574 0
0.095440 4 3.489574 0
0.095440 5 3.489574 0
0.095440 6 3.489574 0
0.095440 7 3.489574 0
0.095440 8 3.489574 0
0.095440 9 3.489574 0
0.095440 10 3.489574 0
0.095440 11 3.489574 0
0.095440 12 3.489574 0
0.095440 13 3.489574 0
0.095440 14 3.489574 0
0.095440 15 3.489574 0
0.085896 1 3.489574 0
0.085896 2 3.489574 0
0.085896 3 3.489574 0
0.085896 4 3.489574 0
0.085896 5 3.489574 0
0.085896 6 3.489574 0
0.085896 7 3.489574 0
0.085896 8 3.489574 0
0.085896 9 3.489574 0
0.085896 10 3.489574 0
0.085896 11 3.489574 0
0.085896 12 3.489574 0
0.085896 13 3.489574 0
0.085896 14 3.489574 0
0.085896 15 3.132404 1
0.077307 1 3.132404 1
0.077307 2 3.132404 1
0.077307 3 3.132404 1
0.077307 4 3.110612 1
0.077307 5 3.133536 0
0.077307 6 3.202760 0
0.077307 7 3.203222 0
0.077307 8 3.185206 1
0.077307 9 3.165378 1
0.077307 10 3.208486 0
0.077307 11 3.189204 1
0.077307 12 3.198291 0
0.077307 13 3.182630 1
0.077307 14 3.120761 1
0.077307 15 3.054820 1
0.069576 1 3.098678 0
0.069576 2 3.098678 0
0.069576 3 3.155271 0
0.069576 4 3.178365 0
0.069576 5 3.187607 0
0.069576 6 3.187607 0
0.069576 7 3.187607 0
0.069576 8 3.068139 1
0.069576 9 3.076446 0
0.069576 10 3.076446 0
0.069576 11 3.062953 1
0.069576 12 3.146987 0
0.069576 13 3.168484 0
0.069576 14 3.168484 0
0.069576 15 3.142293 1
0.062618 1 3.172713 0
0.062618 2 3.195836 0
0.062618 3 3.259870 0
0.062618 4 3.261970 0
0.062618 5 3.252651 1
0.062618 6 3.276912 0
0.062618 7 3.345095 0
0.062618 8 3.340657 1
0.062618 9 3.340657 1
0.062618 10 3.340657 1
0.062618 11 3.340657 1
0.062618 12 3.081951 1
0.062618 13 3.107756 0
0.062618 14 3.152180 0
0.062618 15 3.114254 1
0.056357 1 3.119735 0
0.056357 2 3.117781 1
0.056357 3 3.127482 0
0.056357 4 3.127482 0
0.056357 5 3.118634 1
0.056357 6 3.145003 0
0.056357 7 3.105834 1
0.056357 8 3.125981 0
0.056357 9 3.098530 1
0.056357 10 3.098530 1
0.056357 11 3.098530 1
0.056357 12 3.098530 1
0.056357 13 3.098530 1
0.056357 14 3.104584 0
0.056357 15 3.104584 0
0.050721 1 3.068609 1
0.050721 2 3.072523 0
0.050721 3 3.109502 0
0.050721 4 3.168673 0
0.050721 5 3.188253 0
0.050721 6 3.225652 0
0.050721 7 3.281695 0
0.050721 8 3.410509 0
0.050721 9 3.369650 1
0.050721 10 3.369650 1
0.050721 11 3.369650 1
0.050721 12 3.369650 1
0.050721 13 3.369650 1
0.050721 14 3.369650 1
0.050721 15 3.369650 1
0.045649 1 3.369650 1
0.045649 2 3.369650 1
0.045649 3 3.369650 1
0.045649 4 3.369650 1
0.045649 5 3.369650 1
0.045649 6 3.369650 1
0.045649 7 3.369650 1
0.045649 8 3.369650 1
0.045649 9 3.369650 1
0.045649 10 3.369650 1
0.045649 11 3.369650 1
0.045649 12 3.369650 1
0.045649 13 3.369650 1
0.045649 14 3.369650 1
0.045649 15 3.369650 1
0.041084 1 3.369650 1
0.041084 2 3.369650 1
0.041084 3 3.369650 1
0.041084 4 3.369650 1
0.041084 5 3.369650 1
0.041084 6 3.369650 1
0.041084 7 3.369650 1
0.041084 8 3.369650 1
0.041084 9 3.369650 1
0.041084 10 3.369650 1
0.041084 11 3.369650 1
0.041084 12 3.369650 1
0.041084 13 3.369650 1
0.041084 14 3.369650 1
0.041084 15 3.369650 1
0.036976 1 3.369650 1
0.036976 2 3.369650 1
0.036976 3 3.369650 1
0.036976 4 3.369650 1
0.036976 5 3.369650 1
0.036976 6 3.369650 1
0.036976 7 3.369650 1
0.036976 8 3.369650 1
0.036976 9 3.369650 1
0.036976 10 3.369650 1
0.036976 11 3.369650 1
0.036976 12 3.369650 1
0.036976 13 3.369650 1
0.036976 14 3.369650 1
0.036976 15 3.369650 1
0.033278 1 3.369650 1
0.033278 2 3.369650 1
0.033278 3 3.369650 1
0.033278 4 3.369650 1
0.033278 5 3.369650 1
0.033278 6 3.369650 1
0.033278 7 3.369650 1
0.033278 8 3.369650 1
0.033278 9 3.369650 1
0.033278 10 3.369650 1
0.033278 11 3.369650 1
0.033278 12 3.369650 1
0.033278 13 3.369650 1
0.033278 14 3.369650 1
0.033278 15 3.369650 1
0.029950 1 3.369650 1
0.029950 2 3.369650 1
0.029950 3 3.369650 1
0.029950 4 3.369650 1
0.029950 5 3.369650 1
0.029950 6 3.369650 1
0.029950 7 3.369650 1
0.029950 8 3.369650 1
0.029950 9 3.369650 1
0.029950 10 3.369650 1
0.029950 11 3.369650 1
0.029950 12 3.369650 1
0.029950 13 3.369650 1
0.029950 14 3.369650 1
0.029950 15 3.369650 1
0.026955 1 3.369650 1
0.026955 2 3.369650 1
0.026955 3 3.369650 1
0.026955 4 3.369650 1
0.026955 5 3.369650 1
0.026955 6 3.369650 1
0.026955 7 3.369650 1
0.026955 8 3.369650 1
0.026955 9 3.369650 1
0.026955 10 3.369650 1
0.026955 11 3.369650 1
0.026955 12 3.369650 1
0.026955 13 3.369650 1
0.026955 14 3.369650 1
0.026955 15 3.369650 1
0.024260 1 3.369650 1
0.024260 2 3.369650 1
0.024260 3 3.369650 1
0.024260 4 3.369650 1
0.024260 5 3.369650 1
0.024260 6 3.369650 1
0.024260 7 3.369650 1
0.024260 8 3.369650 1
0.024260 9 3.369650 1
0.024260 10 3.369650 1
0.024260 11 3.369650 1
0.024260 12 3.369650 1
0.024260 13 3.369650 1
0.024260 14 3.369650 1
0.024260 15 3.369650 1
0.021834 1 3.369650 1
0.021834 2 3.369650 1
0.021834 3 3.369650 1
0.021834 4 3.369650 1
0.021834 5 3.369650 1
0.021834 6 3.369650 1
0.021834 7 3.369650 1
0.021834 8 3.369650 1
0.021834 9 3.369650 1
0.021834 10 3.369650 1
0.021834 11 3.369650 1
0.021834 12 3.369650 1
0.021834 13 3.369650 1
0.021834 14 3.369650 1
0.021834 15 3.369650 1
0.019650 1 3.369650 1
0.019650 2 3.369650 1
0.019650 3 3.369650 1
0.019650 4 3.369650 1
0.019650 5 3.369650 1
0.019650 6 3.369650 1
0.019650 7 3.369650 1
0.019650 8 3.369650 1
0.019650 9 3.369650 1
0.019650 10 3.369650 1
0.019650 11 3.369650 1
0.019650 12 3.369650 1
0.019650 13 3.369650 1
0.019650 14 3.369650 1
0.019650 15 3.369650 1
0.017685 1 3.369650 1
0.017685 2 3.369650 1
0.017685 3 3.369650 1
0.017685 4 3.369650 1
0.017685 5 3.369650 1
0.017685 6 3.369650 1
0.017685 7 3.369650 1
0.017685 8 3.369650 1
0.017685 9 3.369650 1
0.017685 10 3.369650 1
0.017685 11 3.369650 1
0.017685 12 3.369650 1
0.017685 13 3.369650 1
0.017685 14 3.369650 1
0.017685 15 3.369650 1
0.015917 1 3.369650 1
0.015917 2 3.369650 1
0.015917 3 3.369650 1
0.015917 4 3.369650 1
0.015917 5 3.369650 1
0.015917 6 3.369650 1
0.015917 7 3.369650 1
0.015917 8 3.369650 1
0.015917 9 3.369650 1
0.015917 10 3.369650 1
0.015917 11 3.369650 1
0.015917 12 3.369650 1
0.015917 13 3.369650 1
0.015917 14 3.369650 1
0.015917 15 3.369650 1
0.014325 1 3.369650 1
0.014325 2 3.369650 1
0.014325 3 3.369650 1
0.014325 4 3.369650 1
0.014325 5 3.369650 1
0.014325 6 3.369650 1
0.014325 7 3.369650 1
0.014325 8 3.369650 1
0.014325 9 3.369650 1
0.014325 10 3.369650 1
0.014325 11 3.369650 1
0.014325 12 3.369650 1
0.014325 13 3.369650 1
0.014325 14 3.369650 1
0.014325 15 3.369650 1
0.012893 1 3.369650 1
0.012893 2 3.369650 1
0.012893 3 3.369650 1
0.012893 4 3.369650 1
0.012893 5 3.369650 1
0.012893 6 3.369650 1
0.012893 7 3.369650 1
0.012893 8 3.369650 1
0.012893 9 3.369650 1
0.012893 10 3.369650 1
0.012893 11 3.369650 1
0.012893 12 3.369650 1
0.012893 13 3.369650 1
0.012893 14 3.369650 1
0.012893 15 3.369650 1
0.011603 1 3.369650 1
0.011603 2 3.369650 1
0.011603 3 3.369650 1
0.011603 4 3.369650 1
0.011603 5 3.369650 1
0.011603 6 3.369650 1
0.011603 7 3.369650 1
0.011603 8 3.369650 1
0.011603 9 3.369650 1
0.011603 10 3.369650 1
0.011603 11 3.369650 1
0.011603 12 3.369650 1
0.011603 13 3.369650 1
0.011603 14 3.369650 1
0.011603 15 3.369650 1
0.010443 1 3.369650 1
0.010443 2 3.369650 1
0.010443 3 3.369650 1
0.010443 4 3.369650 1
0.010443 5 3.369650 1
0.010443 6 3.369650 1
0.010443 7 3.369650 1
0.010443 8 3.369650 1
0.010443 9 3.369650 1
0.010443 10 3.369650 1
0.010443 11 3.369650 1
0.010443 12 3.369650 1
0.010443 13 3.369650 1
0.010443 14 3.369650 1
0.010443 15 3.369650 1
0.009399 1 3.369650 1
0.009399 2 3.369650 1
0.009399 3 3.369650 1
0.009399 4 3.369650 1
0.009399 5 3.369650 1
0.009399 6 3.369650 1
0.009399 7 3.369650 1
0.009399 8 3.369650 1
0.009399 9 3.369650 1
0.009399 10 3.369650 1
0.009399 11 3.369650 1
0.009399 12 3.369650 1
0.009399 13 3.369650 1
0.009399 14 3.369650 1
0.009399 15 3.369650 1
0.008459 1 3.369650 1
0.008459 2 3.369650 1
0.008459 3 3.369650 1
0.008459 4 3.369650 1
0.008459 5 3.369650 1
0.008459 6 3.369650 1
0.008459 7 3.369650 1
0.008459 8 3.369650 1
0.008459 9 3.369650 1
0.008459 10 3.369650 1
0.008459 11 3.369650 1
0.008459 12 3.369650 1
0.008459 13 3.369650 1
0.008459 14 3.369650 1
0.008459 15 3.369650 1
0.007613 1 3.369650 1
0.007613 2 3.369650 1
0.007613 3 3.369650 1
0.007613 4 3.369650 1
0.007613 5 3.369650 1
0.007613 6 3.369650 1
0.007613 7 3.369650 1
0.007613 8 3.369650 1
0.007613 9 3.369650 1
0.007613 10 3.369650 1
0.007613 11 3.369650 1
0.007613 12 3.369650 1
0.007613 13 3.369650 1
0.007613 14 3.369650 1
0.007613 15 3.369650 1
0.006852 1 3.369650 1
0.006852 2 3.369650 1
0.006852 3 3.369650 1
0.006852 4 3.369650 1
0.006852 5 3.369650 1
0.006852 6 3.369650 1
0.006852 7 3.369650 1
0.006852 8 3.369650 1
0.006852 9 3.369650 1
0.006852 10 3.369650 1
0.006852 11 3.369650 1
0.006852 12 3.369650 1
0.006852 13 3.369650 1
0.006852 14 3.369650 1
0.006852 15 3.369650 1
0.006166 1 3.369650 1
0.006166 2 3.369650 1
0.006166 3 3.369650 1
0.006166 4 3.369650 1
0.006166 5 3.369650 1
0.006166 6 3.369650 1
0.006166 7 3.369650 1
0.006166 8 3.369650 1
0.006166 9 3.369650 1
0.006166 10 3.369650 1
0.006166 11 3.369650 1
0.006166 12 3.369650 1
0.006166 13 3.369650 1
0.006166 14 3.369650 1
0.006166 15 3.369650 1
0.005550 1 3.369650 1
0.005550 2 3.369650 1
0.005550 3 3.369650 1
0.005550 4 3.369650 1
0.005550 5 3.369650 1
0.005550 6 3.369650 1
0.005550 7 3.369650 1
0.005550 8 3.369650 1
0.005550 9 3.369650 1
0.005550 10 3.369650 1
0.005550 11 3.369650 1
0.005550 12 3.369650 1
0.005550 13 3.369650 1
0.005550 14 3.369650 1
0.005550 15 3.369650 1
0.004995 1 3.369650 1
0.004995 2 3.369650 1
0.004995 3 3.369650 1
0.004995 4 3.369650 1
0.004995 5 3.369650 1
0.004995 6 3.369650 1
0.004995 7 3.369650 1
0.004995 8 3.369650 1
0.004995 9 3.369650 1
0.004995 10 3.369650 1
0.004995 11 3.369650 1
0.004995 12 3.369650 1
0.004995 13 3.369650 1
0.004995 14 3.369650 1
0.004995 15 3.369650 1
0.004495 1 3.369650 1
0.004495 2 3.369650 1
0.004495 3 3.369650 1
0.004495 4 3.369650 1
0.004495 5 3.369650 1
0.004495 6 3.369650 1
0.004495 7 3.369650 1
0.004495 8 3.369650 1
0.004495 9 3.369650 1
0.004495 10 3.369650 1
0.004495 11 3.369650 1
0.004495 12 3.369650 1
0.004495 13 3.369650 1
0.004495 14 3.369650 1
0.004495 15 3.369650 1
0.004046 1 3.369650 1
0.004046 2 3.369650 1
0.004046 3 3.369650 1
0.004046 4 3.369650 1
0.004046 5 3.369650 1
0.004046 6 3.369650 1
0.004046 7 3.369650 1
0.004046 8 3.369650 1
0.004046 9 3.369650 1
0.004046 10 3.369650 1
0.004046 11 3.369650 1
0.004046 12 3.369650 1
0.004046 13 3.369650 1
0.004046 14 3.369650 1
0.004046 15 3.369650 1
0.003641 1 3.369650 1
0.003641 2 3.369650 1
0.003641 3 3.369650 1
0.003641 4 3.369650 1
0.003641 5 3.369650 1
0.003641 6 3.369650 1
0.003641 7 3.369650 1
0.003641 8 3.369650 1
0.003641 9 3.369650 1
0.003641 10 3.369650 1
0.003641 11 3.369650 1
0.003641 12 3.369650 1
0.003641 13 3.369650 1
0.003641 14 3.369650 1
0.003641 15 3.369650 1
0.003277 1 3.369650 1
0.003277 2 3.369650 1
0.003277 3 3.369650 1
0.003277 4 3.369650 1
0.003277 5 3.369650 1
0.003277 6 3.369650 1
0.003277 7 3.369650 1
0.003277 8 3.369650 1
0.003277 9 3.369650 1
0.003277 10 3.369650 1
0.003277 11 3.369650 1
0.003277 12 3.369650 1
0.003277 13 3.369650 1
0.003277 14 3.369650 1
0.003277 15 3.369650 1
0.002949 1 3.369650 1
0.002949 2 3.369650 1
0.002949 3 3.369650 1
0.002949 4 3.369650 1
0.002949 5 3.369650 1
0.002949 6 3.369650 1
0.002949 7 3.369650 1
0.002949 8 3.369650 1
0.002949 9 3.369650 1
0.002949 10 3.369650 1
0.002949 11 3.369650 1
0.002949 12 3.369650 1
0.002949 13 3.369650 1
0.002949 14 3.369650 1
0.002949 15 3.369650 1
0.002654 1 3.369650 1
0.002654 2 3.369650 1
0.002654 3 3.369650 1
0.002654 4 3.369650 1
0.002654 5 3.369650 1
0.002654 6 3.369650 1
0.002654 7 3.369650 1
0.002654 8 3.369650 1
0.002654 9 3.369650 1
0.002654 10 3.369650 1
0.002654 11 3.369650 1
0.002654 12 3.369650 1
0.002654 13 3.369650 1
0.002654 14 3.369650 1
0.002654 15 3.369650 1
0.002389 1 3.369650 1
0.002389 2 3.369650 1
0.002389 3 3.369650 1
0.002389 4 3.369650 1
0.002389 5 3.369650 1
0.002389 6 3.369650 1
0.002389 7 3.369650 1
0.002389 8 3.369650 1
0.002389 9 3.369650 1
0.002389 10 3.369650 1
0.002389 11 3.369650 1
0.002389 12 3.369650 1
0.002389 13 3.369650 1
0.002389 14 3.369650 1
0.002389 15 3.369650 1
0.002150 1 3.369650 1
0.002150 2 3.369650 1
0.002150 3 3.369650 1
0.002150 4 3.369650 1
0.002150 5 3.369650 1
0.002150 6 3.369650 1
0.002150 7 3.369650 1
0.002150 8 3.369650 1
0.002150 9 3.369650 1
0.002150 10 3.369650 1
0.002150 11 3.369650 1
0.002150 12 3.369650 1
0.002150 13 3.369650 1
0.002150 14 3.369650 1
0.002150 15 3.369650 1
0.001935 1 3.369650 1
0.001935 2 3.369650 1
0.001935 3 3.369650 1
0.001935 4 3.369650 1
0.001935 5 3.369650 1
0.001935 6 3.369650 1
0.001935 7 3.369650 1
0.001935 8 3.369650 1
0.001935 9 3.369650 1
0.001935 10 3.369650 1
0.001935 11 3.369650 1
0.001935 12 3.369650 1
0.001935 13 3.369650 1
0.001935 14 3.369650 1
0.001935 15 3.369650 1
0.001742 1 3.369650 1
0.001742 2 3.369650 1
0.001742 3 3.369650 1
0.001742 4 3.369650 1
0.001742 5 3.369650 1
0.001742 6 3.369650 1
0.001742 7 3.369650 1
0.001742 8 3.369650 1
0.001742 9 3.369650 1
0.001742 10 3.369650 1
0.001742 11 3.369650 1
0.001742 12 3.369650 1
0.001742 13 3.369650 1
0.001742 14 3.369650 1
0.001742 15 3.369650 1
0.001567 1 3.369650 1
0.001567 2 3.369650 1
0.001567 3 3.369650 1
0.001567 4 3.369650 1
0.001567 5 3.369650 1
0.001567 6 3.369650 1
0.001567 7 3.369650 1
0.001567 8 3.369650 1
0.001567 9 3.369650 1
0.001567 10 3.369650 1
0.001567 11 3.369650 1
0.001567 12 3.369650 1
0.001567 13 3.369650 1
0.001567 14 3.369650 1
0.001567 15 3.369650 1
0.001411 1 3.369650 1
0.001411 2 3.369650 1
0.001411 3 3.369650 1
0.001411 4 3.369650 1
0.001411 5 3.369650 1
0.001411 6 3.369650 1
0.001411 7 3.369650 1
0.001411 8 3.369650 1
0.001411 9 3.369650 1
0.001411 10 3.369650 1
0.001411 11 3.369650 1
0.001411 12 3.369650 1
0.001411 13 3.369650 1
0.001411 14 3.369650 1
0.001411 15 3.369650 1
0.001270 1 3.369650 1
0.001270 2 3.369650 1
0.001270 3 3.369650 1
0.001270 4 3.369650 1
0.001270 5 3.369650 1
0.001270 6 3.369650 1
0.001270 7 3.369650 1
0.001270 8 3.369650 1
0.001270 9 3.369650 1
0.001270 10 3.369650 1
0.001270 11 3.369650 1
0.001270 12 3.369650 1
0.001270 13 3.369650 1
0.001270 14 3.369650 1
0.001270 15 3.369650 1
0.001143 1 3.369650 1
0.001143 2 3.369650 1
0.001143 3 3.369650 1
0.001143 4 3.369650 1
0.001143 5 3.369650 1
0.001143 6 3.369650 1
0.001143 7 3.369650 1
0.001143 8 3.369650 1
0.001143 9 3.369650 1
0.001143 10 3.369650 1
0.001143 11 3.369650 1
0.001143 12 3.369650 1
0.001143 13 3.369650 1
0.001143 14 3.369650 1
0.001143 15 3.369650 1
0.001028 1 3.369650 1
0.001028 2 3.369650 1
0.001028 3 3.369650 1
0.001028 4 3.369650 1
0.001028 5 3.369650 1
0.001028 6 3.369650 1
0.001028 7 3.369650 1
0.001028 8 3.369650 1
0.001028 9 3.369650 1
0.001028 10 3.369650 1
0.001028 11 3.369650 1
0.001028 12 3.369650 1
0.001028 13 3.369650 1
0.001028 14 3.369650 1
0.001028 15 3.369650 1
