Retailer 1

1 1 420 0.001660 0.00065 0.0017 0.000996
2 421 660 0.004713 0.0008 0.0035 0.002828
3 661 900 0.001362 0.0015 0.0047 0.000817
4 901 1140 0.002580 0.00075 0.0025 0.001548
5 1141 1260 0.002397 0.00165 0.005 0.001438
6 1261 1440 0.002397 0.0007 0.00185 0.001438

0.00193

Retailer 2

1 1 420 0.001660 0.0005 0.00153 0.000996
2 421 660 0.004713 0.00066 0.00283 0.002828
3 661 900 0.001362 0.00146 0.004 0.000817
4 901 1140 0.002580 0.000683 0.0025 0.001548
5 1141 1260 0.002397 0.00153 0.0045 0.001438
6 1261 1440 0.002397 0.000633 0.0018 0.001438

0.00163

Retailer 3

1 1 420 0.001660 0.00083 0.00153 0.000996
2 421 660 0.004713 0.000916 0.00283 0.002828
3 661 900 0.001362 0.002 0.004 0.000817
4 901 1140 0.002580 0.000883 0.00225 0.001548
5 1141 1260 0.002397 0.0017 0.0045 0.001438
6 1261 1440 0.002397 0.0008 0.0018 0.001438

0.002333

Retailer 4

1 1 420 0.001660 0.00083 0.001833 0.000996
2 421 660 0.004713 0.000916 0.004 0.002828
3 661 900 0.001362 0.002 0.00533 0.000817
4 901 1140 0.002580 0.000883 0.00296 0.001548
5 1141 1260 0.002397 0.0017 0.0057 0.001438
6 1261 1440 0.002397 0.0008 0.001967 0.001438

0.002633