NUMBER_OF_SUB_PERIODS:6
NUMBER_OF_POWER_LEVELS:9
NUMBER_OF_BASE_LOAD_INTERVALS:15
NUMBER_OF_APPLIANCES:3
NUMBER_OF_APPLIANCE_STAGES:7
NUMBER_OF_WATERWITHDRAWL_INTERVALS:7
NUMBER_OF_AMBIENTTEMPERATUREEWH_INTERVALS:7
MAX_DJ:105
TIME:1440

TABLE_SM:1
1 1 420 0.0996
2 421 660 0.2739
3 661 840 0.2828
4 841 1080 0.0817
5 1081 1260 0.1548
6 1261 1440 0.1438

TABLE_SM:2
1 0.2047 2300
2 0.2206 3450
3 0.2834 4600
4 0.3492 5750
5 0.4198 6900
6 0.6280 10350
7 0.8302 13800
8 1.0324 17250
9 1.2351 20700

TABLE_SM:3
1 1 480 165
2 481 510 700
3 511 540 170
4 541 660 85
5 661 810 160
6 811 960 130
7 961 1200 160
8 1201 1215 500
9 1216 1245 1600
10 1246 1275 750
11 1276 1290 250
12 1291 1305 450
13 1306 1350 280
14 1351 1365 1080
15 1366 1440 250

TABLE_SM:5
1 1 480
2 406 870
3 1126 1440

TABLE_SM:6
1 1750 1250 120 1600 640 220 0
2 1840 980 160 220 300 340 120
3 1660 1720 300 220 0 0 0

TABLE_SM:7
1500 100 2.06 1.1419408 18 45 85 60 11 55 0 0

TABLE_SM:8
1 0 479 0
2 480 490 7.2
3 491 509 0
4 510 520 7.2
5 521 1109 0
6 1110 1125 7.2
7 1126 1440 0

TABLE_SM:9
1 1 181 19.6
2 182 541 18.5
3 542 721 22.4
4 722 901 23.2
5 902 1081 23.7
6 1082 1261 22.6
7 1262 1440 21

TABLE_SM:20
1 90
2 105
3 60

EOF






