NUMBER_OF_USERS:4
NUMBER_OF_SUB_PERIODS:6
NUMBER_OF_POWER_LEVELS:9
TIME:1440

TABLE_SUBPERIOD_PRICES:1
1 1 420 0.001660 0.000733 0.001660 0.000996
2 421 660 0.004565 0.001413 0.004633 0.002739
3 661 840 0.004713 0.001800 0.004726 0.002828
4 841 1080 0.001362 0.001340 0.004153 0.000817
5 1081 1260 0.002580 0.002566 0.005400 0.001548
6 1261 1440 0.002397 0.001533 0.002700 0.001438

TABLE_POWER_LEVEL_PRICES:2
1 0.2047 2300
2 0.2206 3450
3 0.2834 4600
4 0.3492 5750
5 0.4198 6900
6 0.6280 10350
7 0.8302 13800
8 1.0324 17250
9 1.2351 20700

TABLE_AVARAGE_PRICE:21
0.00269

EOF